1 -33768.084729 33.057851 -41.097644 0.208573 158.370821 0.001522 97.306591 4.149929 0.000000
1 -45008.571609 33.091606 -41.061570 0.051904 55.358392 0.000835 26.278766 3.474135 0.000000
1 -33745.462132 33.259916 -41.092274 0.692524 100.135525 0.001128 69.492953 1.359138 0.000000
1 -22561.626544 33.075387 -40.866206 0.501178 123.660896 0.000498 98.348595 5.047885 0.000000
1 8.623738 33.002405 -40.989186 0.244831 139.477949 0.001123 60.607354 2.737407 0.000000
1 -45008.571308 33.136678 -40.931843 0.270320 122.702308 0.001220 2.511165 4.732525 0.000000
1 -11261.103866 33.030212 -40.889436 0.965241 105.162721 0.001341 112.429818 4.383978 0.000000
1 -45008.652732 33.063278 -40.904286 0.437985 101.972947 0.000073 26.958859 5.509272 0.000000
1 -45009.780103 33.056513 -40.808227 0.539739 0.554199 0.001315 122.018400 4.455603 0.000000
1 -45008.572872 33.153194 -41.000514 0.249552 30.396381 0.001358 33.154433 1.993849 0.000000
1 -2.282984 33.026325 -41.044661 0.883535 123.943068 0.001749 126.983959 1.003772 -0.488746
1 -11246.495467 33.161841 -40.848857 0.189468 168.699704 0.000672 66.788246 5.917334 -0.488746
1 -22514.955616 33.175028 -41.046609 0.233173 124.493234 0.000388 80.951522 5.331365 -0.488746
1 -22561.626544 33.075387 -40.866206 0.501178 123.660896 0.000498 98.348595 5.047885 -0.488746
1 -33771.501472 33.090764 -40.846745 0.749039 103.339567 0.000741 112.968270 5.402060 -0.488746
1 -22532.202362 33.045729 -40.902515 0.212601 71.782314 0.000861 95.280162 3.141205 -0.488746
1 -45008.640708 33.038121 -40.979763 0.520220 37.704943 0.000897 36.613885 2.602481 -0.488746
1 9.156294 33.033836 -40.815277 0.105100 66.613081 0.001134 56.662091 3.736325 -0.488746
1 -45008.586741 32.978732 -40.815133 0.640690 80.817257 0.001851 16.175572 5.474732 -0.488746
1 -45008.608285 33.124167 -40.832016 0.965833 48.496835 0.000907 43.735746 3.036253 -0.488746
1 -11253.554020 32.979699 -40.932814 0.843786 160.681940 0.001470 94.417328 2.307747 -0.866205
1 -22514.556684 32.979838 -40.931366 0.306983 9.966676 0.000916 100.118320 1.576318 -0.866205
1 -22498.600496 33.010465 -40.960682 0.860298 168.623603 0.000419 101.302064 1.294909 -0.866205
1 -11266.266783 33.078477 -40.871618 0.837254 103.735372 0.000572 91.128354 4.635917 -0.866205
1 -33770.805983 33.100393 -41.049492 0.934042 106.604255 0.000599 138.492168 4.427529 -0.866205
1 5.442766 33.078451 -40.901216 0.685605 132.361134 0.001804 72.455327 2.708120 -0.866205
1 -11242.679825 33.116782 -40.819082 0.162563 96.121730 0.000729 60.993170 4.020916 -0.866205
1 -22525.086773 33.000970 -40.952112 0.068351 10.754118 0.000015 91.654142 3.151215 -0.866205
1 -33786.131407 32.999955 -40.946685 0.011801 92.014084 0.000116 111.103911 2.807108 -0.866205
1 -33786.003290 33.034745 -41.009608 0.769825 151.550415 0.000607 116.030123 5.617387 -0.866205
1 -11253.554020 32.979699 -40.932814 0.843786 160.681940 0.001470 94.417328 2.307747 -1.274259
1 -22511.428613 32.972612 -40.917443 0.301573 14.791339 0.001005 95.667797 1.683733 -1.274259
1 -11249.964537 33.035588 -40.946129 0.075956 1.537060 0.000959 88.932216 1.263227 -1.274259
1 -11336.223935 33.123782 -40.872662 0.954399 124.106608 0.000673 147.160093 4.360522 -1.274259
1 -22501.239616 33.164453 -40.933839 0.928951 78.570540 0.000216 119.046228 5.642238 -1.274259
1 -3.580625 33.065764 -40.986972 0.937446 125.147776 0.000897 104.529461 2.958881 -1.274259
1 -22507.704563 33.089391 -40.863890 0.660630 40.279372 0.001298 87.900852 4.219977 -1.274259
1 -45009.311100 33.002784 -40.853031 0.311886 30.524839 0.000983 108.352849 4.397925 -1.274259
1 -33764.273404 33.254795 -40.973123 0.007922 15.258476 0.000076 91.010314 4.809609 -1.274259
1 -11250.399635 33.258601 -40.873092 0.174758 155.381391 0.001905 95.881498 1.029925 -1.274259
1 -11243.708259 33.038014 -40.859899 0.804893 28.969190 0.000115 64.393293 3.646158 -1.537787
1 -45008.565050 33.113900 -41.048934 0.791095 21.147375 0.001436 21.873167 2.947012 -1.537787
1 6.924421 33.057520 -40.949351 0.273254 52.479048 0.001034 71.819813 2.042946 -1.537787
1 -11251.462870 33.158427 -40.813662 0.229180 81.030914 0.000852 89.419548 1.289420 -1.537787
1 -11243.656325 33.129006 -40.955659 0.802450 14.989867 0.001011 86.801344 1.564987 -1.537787
1 6.045309 33.091824 -40.992175 0.972296 122.926295 0.001002 101.577954 2.771822 -1.537787
1 -22536.727461 32.973528 -40.951512 0.376075 75.696910 0.000768 100.465694 2.921983 -1.537787
1 7.830873 33.207192 -40.960288 0.698901 37.434731 0.001154 72.533703 1.998368 -1.537787
1 -11242.640397 33.164185 -40.815957 0.035492 10.080450 0.001555 72.739015 1.262969 -1.537787
1 -11243.250662 33.006080 -40.920950 0.097249 147.994448 0.000222 53.968108 1.307142 -1.537787
1 8.597919 33.242030 -40.985252 0.783609 40.916359 0.001825 83.963783 2.873337 -1.842262
1 -33754.361836 33.224904 -40.940915 0.799437 76.363310 0.000275 106.139398 4.786026 -1.842262
1 -45008.577267 33.047588 -40.814274 0.892050 86.055207 0.001928 7.550733 4.208295 -1.842262
1 -11252.493704 33.060909 -40.867697 0.180759 105.112180 0.000492 77.794620 2.692407 -1.842262
1 -11241.445310 32.978600 -40.823966 0.413690 172.238340 0.001203 50.795279 5.002844 -1.842262
1 8.076822 33.050362 -40.928505 0.233324 138.116639 0.001776 71.227425 1.494564 -1.842262
1 -45008.948917 33.071304 -40.892435 0.638731 96.759579 0.001423 31.903796 3.768592 -1.842262
1 7.467259 33.081286 -40.863928 0.210510 114.063960 0.001548 60.456292 4.816790 -1.842262
1 5.815624 33.050056 -40.884860 0.740574 132.401962 0.001949 67.421964 5.007344 -1.842262
1 -11243.782811 33.006322 -40.921572 0.095262 146.878215 0.000227 53.093967 1.309063 -1.842262
1 7.705178 33.209189 -41.005946 0.406349 129.661688 0.001884 64.042196 3.564567 -1.958465
1 -11244.191921 33.015074 -41.004140 0.153213 148.324866 0.001939 48.872563 5.793269 -1.958465
1 -11242.557454 32.992982 -40.893643 0.957133 29.283010 0.000641 100.093647 1.743434 -1.958465
1 9.616216 33.110573 -41.090379 0.490687 61.288648 0.000943 68.605881 2.376835 -1.958465
1 7.181180 33.106329 -40.913003 0.669103 112.271704 0.000363 64.500669 2.310898 -1.958465
1 9.016104 33.234842 -40.820552 0.829767 173.051735 0.000541 73.634103 2.073760 -1.958465
1 -22512.292252 33.240448 -40.818097 0.454061 32.683215 0.000342 85.355099 3.868664 -1.958465
1 -11243.354754 33.222273 -40.869663 0.184311 145.438075 0.001583 51.094961 5.305217 -1.958465
1 8.752748 33.059173 -40.871093 0.930915 52.384608 0.000941 92.020047 2.502461 -1.958465
1 -11243.893960 33.011619 -40.920076 0.116625 148.913175 0.000192 53.548575 1.214434 -1.958465
1 -22569.242094 32.968353 -40.855088 0.100665 172.825820 0.000462 122.042978 2.005039 -2.151738
1 -11243.006155 33.014678 -40.814141 0.262163 79.982937 0.001016 64.227833 3.393077 -2.151738
1 -22519.177233 33.101210 -40.914073 0.574731 130.940808 0.000191 121.465365 1.080647 -2.151738
1 9.486316 33.123173 -41.048288 0.659763 45.134425 0.000534 80.553559 1.346367 -2.151738
1 4.379634 33.184480 -40.895224 0.794417 148.407513 0.000088 76.043187 3.273188 -2.151738
1 7.012104 33.075526 -40.930682 0.747028 127.947963 0.001323 51.039972 2.784793 -2.151738
1 -11242.983440 33.227561 -41.016129 0.452151 90.984866 0.001302 62.851898 5.349029 -2.151738
1 -22507.711285 33.223424 -41.061712 0.631895 46.448789 0.001125 114.342714 1.177226 -2.151738
1 -11247.464790 33.211918 -40.965992 0.036937 62.220557 0.000948 53.563336 2.530464 -2.151738
1 8.818509 33.125280 -41.039353 0.622699 48.537402 0.001799 71.405223 5.910705 -2.151738
1 -45009.130198 33.123723 -40.947625 0.153165 11.257421 0.000135 113.625056 3.800438 -2.408791
1 -22496.704386 32.975683 -41.077228 0.276749 0.875928 0.001976 73.106395 4.136231 -2.408791
1 6.941195 33.075998 -40.931586 0.750789 128.320025 0.001326 50.937675 2.780075 -2.408791
1 -11243.352318 32.980989 -40.960985 0.881367 152.336323 0.001969 81.457899 1.302571 -2.408791
1 -11248.528419 32.979945 -40.873253 0.788442 31.035246 0.001726 88.470967 2.628636 -2.408791
1 8.370027 32.988634 -41.093342 0.898478 98.337423 0.001100 79.645203 1.564250 -2.408791
1 9.366777 33.155625 -40.938592 0.664197 34.661440 0.001942 76.366962 1.273290 -2.408791
1 -33764.456281 33.045968 -40.918180 0.718794 179.211181 0.001465 123.321146 1.750636 -2.408791
1 8.997424 33.232010 -40.985064 0.009872 46.612887 0.000894 65.342957 1.998123 -2.408791
1 8.436590 33.062481 -40.828215 0.576146 49.702240 0.000819 64.735916 4.907303 -2.408791
1 9.503161 33.121775 -40.937677 0.598504 42.987336 0.000523 64.763001 5.451917 -2.534211
1 9.445564 33.143628 -40.934559 0.665709 28.883166 0.001986 77.797248 1.144619 -2.534211
1 -11251.082094 33.106195 -40.865544 0.078186 92.866878 0.001410 83.724835 1.692451 -2.534211
1 -11254.904205 33.176262 -40.986362 0.512959 171.233865 0.000669 85.148620 2.516394 -2.534211
1 -11253.638855 32.975535 -40.845011 0.440649 157.222289 0.000791 79.695722 2.760290 -2.534211
1 -22519.513314 33.080773 -40.970137 0.323518 175.907233 0.000372 96.180699 2.248283 -2.534211
1 9.122890 33.232659 -40.805059 0.828739 174.332262 0.001817 70.400337 2.643959 -2.534211
1 -11243.308135 32.970454 -40.803553 0.374435 65.214871 0.001709 48.540382 5.169577 -2.534211
1 8.997424 33.232010 -40.985064 0.009872 46.612887 0.000894 65.342957 1.998123 -2.534211
1 8.602995 33.228964 -40.949449 0.156396 24.443488 0.000141 61.591126 5.724572 -2.534211
1 8.127922 33.122750 -40.946002 0.654226 32.075411 0.000619 63.248987 5.408990 -2.584903
1 9.588343 33.163451 -40.958129 0.643645 32.402850 0.001907 80.902524 1.048172 -2.584903
1 -22520.855880 33.119303 -40.817967 0.826216 117.333433 0.000348 144.769722 2.474216 -2.584903
1 8.515731 33.009295 -40.916416 0.555653 33.152048 0.001034 78.976048 1.043724 -2.584903
1 7.939437 33.128068 -40.932986 0.600354 119.827420 0.001591 64.745390 2.351242 -2.584903
1 7.050060 33.042474 -41.010846 0.414048 67.005813 0.000029 67.079681 4.789768 -2.584903
1 8.153565 33.145819 -40.866961 0.532079 130.705909 0.000211 71.649204 1.150704 -2.584903
1 9.073089 32.997346 -40.836927 0.381769 74.311595 0.001550 62.584431 1.587495 -2.584903
1 8.986318 33.233159 -40.985101 0.004119 46.492629 0.000889 65.315533 2.001925 -2.584903
1 9.473956 33.091530 -40.840822 0.390514 13.967007 0.000351 56.464589 4.153498 -2.584903
1 9.369891 33.016174 -40.874184 0.606919 33.615013 0.001469 61.171642 5.623187 -2.637004
1 8.385804 33.181620 -40.924586 0.067478 130.550626 0.001983 54.949669 4.441837 -2.637004
1 8.591082 32.985141 -40.863207 0.195092 23.278539 0.000221 54.516323 2.141172 -2.637004
1 7.058013 33.242048 -40.934485 0.426668 12.332994 0.000634 85.348227 1.040576 -2.637004
1 9.107802 33.044496 -40.895731 0.924913 130.482077 0.001563 67.908752 3.085509 -2.637004
1 2.004284 33.008403 -40.826343 0.931880 132.001028 0.000074 91.795242 3.129041 -2.637004
1 9.285374 33.127481 -40.964993 0.189104 102.739208 0.000354 57.057776 5.163721 -2.637004
1 8.521891 33.055624 -40.988967 0.623931 117.869778 0.001321 53.785213 2.915241 -2.637004
1 -11246.586680 33.051050 -40.945002 0.980349 68.733678 0.001199 131.784214 1.422300 -2.637004
1 -11247.589120 33.051341 -41.070625 0.394717 149.194241 0.000033 68.636429 5.693728 -2.637004
1 9.545294 33.094605 -40.870229 0.388062 2.958142 0.000437 57.477303 3.341556 -2.636798
1 9.595026 32.980420 -40.968922 0.847053 53.912926 0.000959 75.597247 5.398511 -2.636798
1 8.719353 33.166520 -40.924131 0.409411 36.033419 0.000838 78.760480 1.112542 -2.636798
1 8.974375 33.149398 -41.058736 0.135161 159.547115 0.001447 64.104644 2.802311 -2.636798
1 9.329379 32.981085 -40.965886 0.929440 120.565541 0.001713 66.281260 5.311737 -2.636798
1 3.993227 32.981079 -40.820927 0.948652 118.726622 0.001846 91.864958 2.839137 -2.636798
1 9.230402 33.093872 -40.873250 0.301541 157.018124 0.001781 71.335328 1.129137 -2.636798
1 8.884487 33.130239 -41.087452 0.074396 109.597796 0.001326 62.235516 4.529559 -2.636798
1 7.362922 33.058414 -40.929412 0.984239 64.219380 0.001437 134.774943 1.369936 -2.636798
1 7.783499 33.081100 -40.911190 0.218830 50.279388 0.000677 69.755530 1.946441 -2.636798
1 9.454201 33.011684 -40.952967 0.625615 50.397957 0.001659 66.915575 4.476780 -2.636574
1 9.455705 32.983050 -40.933174 0.886366 47.445055 0.000816 79.375557 5.319896 -2.636574
1 7.095324 33.188439 -40.972523 0.270454 38.042327 0.000910 67.604128 4.130550 -2.636574
1 9.589076 33.160339 -41.020387 0.005227 160.458293 0.001568 59.427835 3.391393 -2.636574
1 9.334437 32.982231 -40.969110 0.926105 123.542079 0.001747 66.875079 5.269093 -2.636574
1 9.557755 33.171854 -40.803823 0.690434 2.742204 0.000033 74.093537 1.129083 -2.636574
1 6.302348 33.004484 -40.887810 0.367492 94.560526 0.000568 63.713361 4.840643 -2.636574
1 8.593377 33.070616 -40.841593 0.204366 91.377445 0.001640 55.257042 4.970500 -2.636574
1 8.751906 33.102609 -41.073163 0.402264 100.799500 0.000884 62.005838 4.864349 -2.636574
1 6.679950 32.995586 -40.872530 0.112861 131.214711 0.000698 70.303513 1.866193 -2.636574
1 8.358277 33.032986 -40.874692 0.689516 115.160911 0.001082 53.288493 4.876495 -2.636365
1 3.850007 32.994266 -40.943084 0.823895 128.192573 0.001019 72.251456 5.808915 -2.636365
1 9.305247 33.151343 -41.022283 0.103503 43.651934 0.001059 61.459384 5.387365 -2.636365
1 8.575713 33.217281 -40.995511 0.197386 106.509333 0.000677 64.779057 1.788212 -2.636365
1 9.364672 32.981310 -40.967582 0.742135 63.371923 0.001439 68.067932 4.964964 -2.636365
1 4.180538 32.985196 -40.822514 0.912534 160.067807 0.001579 79.179333 4.540674 -2.636365
1 8.801939 33.167271 -40.836172 0.496575 157.415281 0.000976 65.736979 1.913497 -2.636365
1 9.303506 33.012557 -40.803205 0.204805 51.328681 0.001446 55.737888 4.215818 -2.636365
1 8.294480 33.124979 -40.865938 0.388039 130.434747 0.000870 52.170849 4.299218 -2.636365
1 9.110581 33.085186 -40.949626 0.098017 79.627668 0.000922 66.569801 1.798834 -2.636365
1 8.156585 33.079560 -40.980537 0.291141 136.600806 0.001103 76.921416 1.126014 -2.636130
1 8.967909 33.099579 -40.866643 0.433677 129.076582 0.001796 57.124427 2.558978 -2.636130
1 9.215487 33.157379 -41.003728 0.274105 130.959782 0.001142 59.335243 5.096975 -2.636130
1 9.277336 33.222250 -41.028451 0.172733 124.546357 0.001092 64.445393 2.102775 -2.636130
1 7.852813 33.018593 -40.984074 0.728277 57.988110 0.001469 73.609012 5.052544 -2.636130
1 9.565037 33.181426 -41.073050 0.093290 49.568130 0.000787 60.392200 4.254097 -2.636130
1 7.369745 33.011704 -40.823735 0.884210 120.134549 0.000937 86.390097 1.202448 -2.636130
1 8.812416 32.969317 -41.056411 0.262970 93.700649 0.001134 58.047153 4.875587 -2.636130
1 9.106363 33.018289 -40.853043 0.507783 162.545049 0.001033 57.308791 1.969698 -2.636130
1 8.741803 33.040767 -40.972388 0.290912 19.025545 0.001347 59.177498 3.536356 -2.636130
1 9.381705 33.120697 -40.994534 0.423818 120.248315 0.000559 61.591730 2.459262 -2.635923
1 9.223879 33.262744 -41.006789 0.354726 36.760166 0.001461 65.291617 3.349478 -2.635923
1 8.449295 33.094387 -40.940579 0.185510 112.478791 0.000038 60.009274 5.520975 -2.635923
1 7.453039 32.996951 -40.802054 0.157941 101.215117 0.000356 71.007184 1.387018 -2.635923
1 0.001083 33.100684 -41.053201 0.899157 122.934689 0.001014 92.469327 2.965574 -2.635923
1 9.166922 33.031797 -40.975512 0.201342 149.038794 0.001003 55.276422 5.355586 -2.635923
1 8.518729 32.989669 -40.830030 0.949732 130.036201 0.000882 89.651262 1.153213 -2.635923
1 9.477194 33.033897 -41.025762 0.205234 91.353043 0.001541 58.030282 5.325739 -2.635923
1 7.568372 33.205086 -41.076263 0.093209 168.220772 0.000180 59.433723 2.270062 -2.635923
1 7.715982 32.988906 -40.872447 0.048258 18.012149 0.001487 63.161046 3.614978 -2.635923
1 9.292548 33.084180 -40.964056 0.250736 93.082058 0.000392 66.900746 1.520191 -2.635634
1 8.774386 33.139006 -40.910732 0.502876 132.720178 0.001121 52.588489 4.928569 -2.635634
1 9.636044 33.130300 -41.075997 0.194299 90.081492 0.000224 59.046764 5.556260 -2.635634
1 7.839819 33.109393 -40.804691 0.301249 140.923349 0.001546 55.065281 1.731130 -2.635634
1 3.595979 33.110586 -41.062622 0.920331 130.733596 0.000901 92.842328 2.752249 -2.635634
1 8.566301 33.026463 -41.042861 0.016319 134.144981 0.000125 59.459633 4.011869 -2.635634
1 7.172830 33.253018 -40.910435 0.812141 147.423876 0.000868 52.125973 4.659020 -2.635634
1 8.380760 33.070397 -40.873039 0.431319 109.415285 0.001245 59.068599 1.746512 -2.635634
1 8.223311 33.135584 -40.924839 0.724626 164.905958 0.001809 62.957067 3.854590 -2.635634
1 9.344891 33.030199 -40.876877 0.445132 156.887165 0.001503 56.799186 4.774505 -2.635634
1 9.255133 33.042726 -41.006969 0.198154 86.358309 0.000335 73.683624 1.064193 -2.635358
1 8.111946 33.246201 -40.856376 0.662511 147.218937 0.000935 60.796063 1.659891 -2.635358
1 9.627446 33.134961 -41.064048 0.194719 93.840529 0.000237 58.577075 5.509589 -2.635358
1 9.234619 33.100190 -41.064343 0.180686 134.016738 0.001605 57.368790 4.336143 -2.635358
1 8.970566 33.014673 -41.037540 0.268694 75.046133 0.001375 64.468684 2.593098 -2.635358
1 6.893114 33.158931 -40.973181 0.031818 75.036686 0.001864 64.808661 4.525305 -2.635358
1 9.092075 33.228343 -40.901149 0.815052 142.920934 0.000857 59.879829 4.009235 -2.635358
1 -2.141670 33.211137 -40.930408 0.442076 35.725766 0.000359 62.333153 2.686529 -2.635358
1 9.489060 32.990801 -40.910749 0.074126 135.870356 0.000648 64.530284 1.306821 -2.635358
1 8.256993 33.142860 -40.959819 0.077372 135.051515 0.001344 67.285796 2.138774 -2.635358
1 8.016673 33.007846 -40.992400 0.607186 108.176075 0.001823 68.649417 2.325787 -2.634955
1 8.356200 33.221774 -40.806425 0.605501 151.985497 0.000858 58.892263 2.306471 -2.634955
1 8.961306 33.174316 -41.096821 0.171761 116.709026 0.000019 61.383236 5.990945 -2.634955
1 9.397391 33.122231 -40.981316 0.528922 129.911935 0.000321 59.609078 3.693157 -2.634955
1 9.514156 33.038996 -41.048351 0.392473 85.417734 0.001183 64.014701 2.403668 -2.634955
1 5.788746 33.158818 -41.003240 0.004074 64.857344 0.001882 66.607371 4.502253 -2.634955
1 -0.259810 32.982921 -40.905999 0.875463 137.681011 0.001069 82.618452 4.440015 -2.634955
1 4.511914 33.003988 -40.875796 0.935497 142.077404 0.001331 84.583105 4.411683 -2.634955
1 9.235580 32.977923 -40.887934 0.017854 31.955507 0.001897 69.757890 1.106598 -2.634955
1 8.553464 33.228593 -40.968276 0.062306 95.495916 0.001262 64.833524 1.721418 -2.634955
1 7.489854 32.984852 -40.873111 0.184726 111.501700 0.000309 69.673469 1.724730 -2.634182
1 8.078541 33.201283 -40.802996 0.643283 145.970942 0.000882 58.539047 2.416211 -2.634182
1 7.648134 33.176058 -40.989569 0.312138 117.818672 0.001504 61.478364 5.171530 -2.634182
1 9.457650 33.234444 -41.080244 0.303392 145.214467 0.001106 71.762547 1.398994 -2.634182
1 7.175305 32.996475 -40.803069 0.383878 46.471371 0.001372 68.908769 2.309911 -2.634182
1 4.360566 33.136670 -40.955417 0.193468 142.069691 0.001603 72.857337 2.222049 -2.634182
1 9.028574 33.019527 -40.810961 0.270362 123.874220 0.000340 61.251783 1.906864 -2.634182
1 8.752484 33.092914 -40.892652 0.254973 41.197764 0.001320 62.016998 1.376194 -2.634182
1 9.085347 33.033602 -41.002834 0.461490 42.782938 0.000180 62.929916 4.650869 -2.634182
1 8.044592 33.260548 -40.876987 0.604323 35.041428 0.000013 71.972297 2.286724 -2.634182
1 9.293961 33.030512 -40.818408 0.759154 156.262337 0.000650 59.069659 2.482950 -2.632734
1 7.116566 33.065203 -41.084003 0.830868 110.120775 0.001479 73.809526 3.022360 -2.632734
1 9.331988 33.068724 -40.912668 0.671912 146.800190 0.000502 58.213915 5.180566 -2.632734
1 7.616868 33.264339 -40.832061 0.731540 174.511888 0.000698 54.689490 5.313524 -2.632734
1 8.415303 33.101478 -40.814590 0.270349 166.677167 0.000628 50.590994 5.368550 -2.632734
1 8.782582 33.063077 -40.818674 0.612032 38.359562 0.000782 67.261936 1.262715 -2.632734
1 8.775198 33.021834 -40.956628 0.585202 60.176538 0.000017 66.990879 1.359535 -2.632734
1 9.593000 33.139991 -41.075590 0.257195 104.832759 0.001518 64.525744 2.077071 -2.632734
1 8.329619 33.036783 -41.029194 0.406794 53.204063 0.000311 58.984336 4.383543 -2.632734
1 -16.495621 33.011824 -40.813579 0.789916 152.097549 0.000523 110.349384 1.769961 -2.632734
1 9.222945 33.034669 -40.819804 0.753963 158.794413 0.000708 59.366531 2.395889 -2.629744
1 7.180993 32.978590 -40.918647 0.626124 152.922380 0.000816 72.300958 1.500782 -2.629744
1 5.265148 32.981429 -40.808384 0.897624 134.383937 0.000365 82.429374 2.816506 -2.629744
1 5.601238 33.133383 -40.848502 0.542890 167.260759 0.001749 66.948029 4.440984 -2.629744
1 4.521125 33.087908 -40.833690 0.285077 174.234906 0.000611 75.041636 1.774276 -2.629744
1 9.057649 33.152129 -40.832267 0.315712 176.332598 0.001093 60.414295 1.613476 -2.629744
1 6.842463 32.984795 -40.918782 0.677146 51.677106 0.001763 72.166292 5.948304 -2.629744
1 8.353467 33.153916 -41.087613 0.496512 130.331799 0.001727 75.007709 1.469168 -2.629744
1 8.258231 33.142742 -40.990546 0.664157 116.807119 0.001546 58.518911 5.750614 -2.629744
1 8.843559 33.178712 -40.819350 0.361197 17.877684 0.000926 61.274541 2.985836 -2.629744
1 8.672457 33.095432 -40.857290 0.146572 63.943204 0.000394 55.885225 3.491993 -2.623976
1 4.007543 33.051718 -40.922743 0.833549 120.032240 0.001611 95.702300 1.291102 -2.623976
1 9.604639 32.992691 -40.878083 0.192950 76.641175 0.000290 56.459399 4.071672 -2.623976
1 -10.889241 32.994536 -40.963740 0.956175 126.306795 0.000694 110.502472 4.395558 -2.623976
1 7.103218 32.996021 -40.900902 0.681998 153.810458 0.000645 62.118259 5.521007 -2.623976
1 8.019753 33.077502 -40.901815 0.361337 81.980771 0.002000 73.310195 1.153808 -2.623976
1 8.480002 33.190396 -41.096411 0.057297 171.936277 0.001201 63.275837 5.699721 -2.623976
1 7.048727 33.028875 -40.832463 0.239081 7.221264 0.001361 48.354855 5.728000 -2.623976
1 9.339885 33.013046 -40.934150 0.065783 99.620593 0.000937 58.609260 4.252480 -2.623976
1 7.926928 33.183239 -40.845056 0.213598 9.096492 0.001085 64.268973 2.601749 -2.623976
1 7.766310 33.205421 -40.872886 0.231422 6.003884 0.000802 65.361516 2.721112 -2.611673
1 7.703471 32.991995 -40.862308 0.888431 127.865709 0.000957 90.690585 1.272820 -2.611673
1 6.821082 33.050382 -40.913115 0.595845 43.927384 0.000398 71.524129 4.626650 -2.611673
1 6.469299 33.039249 -40.869717 0.876984 118.587969 0.001082 73.618139 3.010664 -2.611673
1 7.900501 33.055353 -40.894700 0.381045 122.846616 0.001917 58.028264 1.112230 -2.611673
1 9.114893 33.039725 -40.873080 0.081084 57.746429 0.001819 64.284393 1.940423 -2.611673
1 6.729219 33.211266 -41.085748 0.851433 131.454785 0.001658 89.920272 1.609908 -2.611673
1 8.356408 33.074360 -40.865575 0.170569 150.663620 0.001322 59.849821 5.188908 -2.611673
1 9.087932 33.013857 -40.828085 0.687111 147.870360 0.001067 52.972915 3.517202 -2.611673
1 9.281008 33.215039 -40.894202 0.650882 26.891561 0.000479 66.917247 3.226012 -2.611673
1 8.784413 33.190912 -41.022340 0.750544 144.318832 0.001287 62.741835 5.724452 -2.590072
1 6.436344 33.006893 -40.862787 0.845458 121.796039 0.000938 90.564311 1.235415 -2.590072
1 8.339793 33.164731 -40.875463 0.719420 133.727460 0.001624 58.724552 4.358633 -2.590072
1 8.319729 33.058481 -40.926642 0.216497 15.982006 0.001762 65.569867 2.576009 -2.590072
1 7.612917 32.973829 -40.898404 0.251972 104.707103 0.001823 47.918778 5.891331 -2.590072
1 8.110502 33.118114 -40.835424 0.304901 39.667839 0.000970 61.660611 5.229384 -2.590072
1 -32.151987 33.014904 -40.970521 0.978966 121.160785 0.001155 138.195735 5.416929 -2.590072
1 7.987122 33.000252 -40.990512 0.502901 65.225358 0.001505 59.127084 2.439356 -2.590072
1 8.840121 33.202933 -40.888340 0.962944 153.753031 0.000711 94.686439 1.936242 -2.590072
1 6.500210 33.235024 -40.891532 0.258788 50.448994 0.000641 58.856775 4.535158 -2.590072
1 8.001430 33.180917 -41.025685 0.126116 161.172963 0.001257 81.487540 1.030375 -2.546858
1 8.572934 33.083473 -40.986206 0.232549 19.971184 0.001560 60.376304 2.012458 -2.546858
1 7.063120 33.086974 -40.894205 0.125907 69.064238 0.001518 71.190650 1.694108 -2.546858
1 9.598010 33.089208 -40.927549 0.684210 135.673625 0.000075 56.431632 4.824608 -2.546858
1 6.993467 33.162160 -41.015695 0.306680 35.300292 0.000230 62.355561 1.791466 -2.546858
1 8.475891 33.263915 -40.959250 0.507718 168.983959 0.001442 63.042911 1.536606 -2.546858
1 -28.758427 33.015289 -40.970445 0.980711 121.453755 0.001152 138.272995 5.413796 -2.546858
1 7.994413 33.064426 -40.961055 0.305239 113.260620 0.001968 51.627508 3.462373 -2.546858
1 8.624554 33.242300 -40.896347 0.886526 158.335270 0.001161 96.935528 1.038863 -2.546858
1 6.719264 33.242956 -40.934898 0.727359 150.153434 0.000050 62.721914 1.071809 -2.546858
1 7.960425 33.167362 -41.034492 0.108260 171.076539 0.001308 80.746848 1.067470 -2.458734
1 9.282694 33.036083 -40.995535 0.045982 121.996737 0.000859 60.699348 2.544394 -2.458734
1 9.269469 33.102200 -40.898631 0.058253 60.663322 0.001435 63.720198 1.320400 -2.458734
1 9.391147 32.987518 -40.968563 0.853064 53.032829 0.000863 78.632377 5.105109 -2.458734
1 9.238167 33.244972 -41.041150 0.081328 125.009000 0.000768 67.971541 1.753184 -2.458734
1 8.233871 33.227946 -41.041399 0.611833 122.189567 0.000795 64.189322 2.663143 -2.458734
1 -14.128246 33.003755 -40.971598 0.988645 117.806526 0.001095 139.090962 5.636739 -2.458734
1 9.288161 33.169299 -41.094275 0.307106 88.781228 0.001869 61.098258 5.368113 -2.458734
1 8.232395 33.150567 -40.853558 0.136237 130.630089 0.000361 56.196331 2.868862 -2.458734
1 9.210727 33.231874 -40.938816 0.815329 153.773203 0.000007 68.950624 1.485302 -2.458734
1 8.812740 33.146206 -41.022952 0.022216 175.630557 0.001287 71.549685 1.530312 -2.231684
1 9.287806 33.056288 -40.861010 0.749290 155.559892 0.001272 66.165461 1.630731 -2.231684
1 8.927903 33.113779 -40.914213 0.352394 56.492881 0.001180 67.609944 1.237501 -2.231684
1 9.639018 33.120460 -40.955080 0.168055 164.201391 0.000519 56.775933 5.619798 -2.231684
1 9.234485 33.252394 -41.029458 0.030834 135.330234 0.000774 65.880888 1.808234 -2.231684
1 9.206280 33.215286 -41.044465 0.799674 40.164845 0.000686 77.300290 5.762239 -2.231684
1 9.359623 33.184679 -40.885306 0.877860 153.006147 0.001930 80.813135 1.429506 -2.231684
1 8.827138 33.156520 -41.100185 0.466342 91.476930 0.001895 63.518838 3.008569 -2.231684
1 8.489179 33.218003 -40.932836 0.288236 136.292583 0.001607 64.206281 1.343934 -2.231684
1 9.598026 33.228118 -40.929987 0.753754 151.085141 0.000384 72.702723 1.234346 -2.231684
1 8.464442 33.173198 -40.831604 0.793298 140.304966 0.000197 60.425112 2.764438 -1.802502
1 8.568497 33.056015 -40.970744 0.795695 121.596871 0.001310 59.636189 1.935120 -1.802502
1 8.908984 33.098062 -40.880434 0.129169 102.407339 0.001226 55.877806 3.239963 -1.802502
1 8.555578 33.093048 -40.971185 0.460600 43.833189 0.001015 67.750942 4.009311 -1.802502
1 9.022202 33.160608 -40.997660 0.014828 141.761766 0.001886 66.338371 1.137243 -1.802502
1 9.038101 33.017556 -40.802408 0.271862 166.692467 0.000812 55.644106 1.616866 -1.802502
1 5.422366 33.053714 -40.949573 0.889131 116.181417 0.001946 77.481134 3.402528 -1.802502
1 8.984520 33.155085 -40.959427 0.110997 30.263156 0.001434 63.400278 3.309730 -1.802502
1 8.705716 33.065933 -41.096101 0.058690 106.221448 0.001492 58.714680 5.931006 -1.802502
1 9.025548 33.261756 -40.877489 0.579512 10.608441 0.000206 71.012854 1.174280 -1.802502
1 8.391141 33.205793 -41.070739 0.748090 39.373226 0.001517 83.115736 1.481542 -1.281421
1 8.641900 33.071217 -40.970374 0.738048 123.997675 0.001385 59.307091 1.742334 -1.281421
1 9.567253 33.112612 -40.892882 0.701418 150.879126 0.001160 60.862055 2.827374 -1.281421
1 9.569829 33.025845 -40.850191 0.284436 179.006902 0.000985 56.357449 4.736699 -1.281421
1 7.912009 33.043165 -40.822782 0.247985 138.937818 0.000464 52.091845 1.834128 -1.281421
1 7.762708 33.120243 -40.907384 0.923782 140.337282 0.000288 87.658339 2.038176 -1.281421
1 9.351300 33.066942 -40.920204 0.253128 104.324682 0.001724 59.958514 2.301146 -1.281421
1 8.613361 33.089970 -40.895438 0.267334 87.816123 0.000296 66.466696 1.450734 -1.281421
1 9.451391 33.028525 -40.813859 0.260091 34.797213 0.001153 68.192435 1.090449 -1.281421
1 6.768166 33.166257 -41.006624 0.434032 146.237625 0.000839 80.707974 1.254719 -1.281421
1 7.724939 33.245374 -41.044079 0.074303 43.906843 0.000515 71.158116 2.192491 -0.766893
1 7.435478 33.004371 -40.928180 0.292543 87.135606 0.001427 74.043313 1.398662 -0.766893
1 8.682261 33.106031 -40.853778 0.556402 159.716903 0.001459 51.933408 3.847240 -0.766893
1 9.224320 33.016851 -40.928987 0.172134 171.277768 0.001145 57.766451 3.797436 -0.766893
1 5.141930 33.044284 -40.894516 0.107832 149.981570 0.000881 71.345951 2.168102 -0.766893
1 8.895520 33.090509 -40.832370 0.235429 12.721407 0.001897 61.814040 3.119614 -0.766893
1 9.180823 33.256359 -40.902295 0.911964 147.289792 0.000265 68.404030 2.555821 -0.766893
1 9.459572 33.059185 -40.972495 0.202748 139.255533 0.001935 59.630398 2.781534 -0.766893
1 8.905590 33.112116 -40.969141 0.294795 36.047276 0.001962 62.170984 1.856981 -0.766893
1 8.033358 33.112844 -41.039812 0.620752 30.716180 0.000891 70.699317 3.717626 -0.766893
1 7.907030 33.245692 -41.043478 0.059414 42.138945 0.000522 70.598252 2.216975 -0.274064
1 9.349030 33.053719 -40.867295 0.550704 36.752028 0.000061 70.503313 1.037989 -0.274064
1 7.883241 33.072504 -40.898278 0.263728 143.031065 0.001263 48.858720 5.883959 -0.274064
1 8.734173 33.038598 -40.930103 0.084243 29.332233 0.001613 52.656359 5.601807 -0.274064
1 4.998775 33.065971 -41.047407 0.927712 117.613583 0.000526 99.713077 1.838245 -0.274064
1 9.395991 33.159886 -40.964055 0.875925 42.501646 0.001020 89.160816 1.931257 -0.274064
1 9.007607 32.973050 -40.812264 0.327593 172.326899 0.000155 60.489385 2.969611 -0.274064
1 6.934183 33.151399 -41.097590 0.478507 65.942134 0.001267 61.021599 4.437332 -0.274064
1 9.535280 33.168062 -41.062521 0.025936 74.059691 0.000334 65.377203 2.233084 -0.274064
1 7.877559 33.112681 -41.038675 0.634622 30.087263 0.000893 71.166157 3.687573 -0.274064
1 9.641806 32.990043 -40.881604 0.217779 125.637670 0.000807 54.044529 5.359541 0.611423
1 9.285547 33.047602 -40.891845 0.641877 51.955431 0.000083 71.210146 1.340313 0.611423
1 8.844102 33.236581 -41.026414 0.032834 73.518056 0.000205 66.781767 2.331838 0.611423
1 9.317201 33.114292 -40.891935 0.112415 161.106660 0.000903 62.862686 1.303591 0.611423
1 8.918042 33.242297 -41.054885 0.854024 147.478489 0.001255 63.953571 5.992774 0.611423
1 9.406661 33.086140 -40.976479 0.290283 77.845306 0.001648 57.944831 5.155366 0.611423
1 8.564840 33.257181 -40.860553 0.310903 3.892706 0.000265 60.278105 3.296597 0.611423
1 9.007111 33.034396 -41.062829 0.771895 110.377355 0.000999 62.160912 5.945628 0.611423
1 7.382632 33.187313 -41.004186 0.808861 131.763404 0.000015 69.768167 3.760502 0.611423
1 9.398898 33.007426 -41.056110 0.623623 118.783268 0.000364 62.410795 1.866737 0.611423
1 8.654001 33.040035 -40.872097 0.555662 113.499977 0.000553 57.426516 4.087761 1.674858
1 9.445842 33.117369 -40.931079 0.047654 55.062219 0.000118 58.617837 4.227984 1.674858
1 8.266544 33.149573 -41.064468 0.000482 115.685366 0.000445 65.203251 3.551400 1.674858
1 9.465961 33.231850 -40.879174 0.460997 4.181887 0.000204 68.660047 1.537177 1.674858
1 8.731554 32.970015 -40.990978 0.713914 116.193155 0.001164 61.373210 5.931898 1.674858
1 9.548786 33.171246 -41.046945 0.248850 50.841572 0.000068 62.999429 4.706111 1.674858
1 8.721363 33.086878 -40.885006 0.066752 122.030656 0.000428 62.293816 1.059806 1.674858
1 9.514849 33.056217 -41.073989 0.786909 115.154148 0.001112 59.830861 5.702417 1.674858
1 9.573088 33.124176 -41.005909 0.076569 164.124334 0.001906 61.420746 2.628077 1.674858
1 9.377595 33.195763 -41.049103 0.216075 144.088126 0.000751 62.707791 3.095817 1.674858
1 7.761893 33.186990 -40.870961 0.047517 7.079697 0.001743 63.186260 2.625520 2.622600
1 9.276191 32.986188 -40.912074 0.077614 21.252046 0.000635 60.345615 2.548600 2.622600
1 8.815524 33.106115 -40.830568 0.039048 5.815767 0.000320 58.231287 3.297927 2.622600
1 9.235094 33.247770 -40.928351 0.642395 8.336351 0.001994 72.631529 1.703149 2.622600
1 9.335691 32.971946 -40.893169 0.494152 99.209069 0.001706 57.025394 4.291514 2.622600
1 7.554801 32.982873 -40.909225 0.014762 19.961379 0.000951 61.683584 5.187172 2.622600
1 8.858049 32.984528 -41.098264 0.834796 96.101615 0.000026 73.488396 1.368929 2.622600
1 9.104040 32.969338 -40.889373 0.639519 130.951467 0.001729 51.505033 4.596495 2.622600
1 9.241920 33.136863 -40.840378 0.643905 35.104399 0.001718 66.336661 4.412540 2.622600
1 7.896206 33.197699 -40.819692 0.411209 153.138205 0.001210 54.621679 2.726608 2.622600
1 7.391183 32.996295 -40.912934 0.748306 106.041386 0.001255 63.519680 5.182091 3.678183
1 9.241303 33.048536 -40.891156 0.001185 140.316486 0.000987 55.920273 2.358176 3.678183
1 8.682023 33.056171 -40.830708 0.023582 118.596534 0.000512 51.571705 4.964591 3.678183
1 7.632734 33.133274 -41.001937 0.146205 129.781559 0.000184 73.979881 1.488229 3.678183
1 8.996560 33.002746 -40.956964 0.332568 68.207553 0.001378 62.563489 3.929216 3.678183
1 9.032715 32.989602 -40.854190 0.393645 88.462217 0.001580 53.664600 5.964752 3.678183
1 9.450478 32.997726 -41.087348 0.798451 103.497800 0.001885 71.951425 1.476679 3.678183
1 8.895558 33.108398 -40.836345 0.417052 168.438645 0.000510 61.029328 3.744790 3.678183
1 9.180959 33.121369 -41.050466 0.599986 112.224886 0.001525 65.202536 1.772299 3.678183
1 9.499331 32.974404 -40.900183 0.162961 67.687107 0.001225 54.886402 4.187926 3.678183
1 9.087333 33.027889 -40.943832 0.056530 169.209358 0.001141 63.496488 1.120960 4.732757
1 9.548374 33.056465 -40.908948 0.086039 145.451255 0.001019 58.624107 1.989131 4.732757
1 9.140595 33.121334 -41.082406 0.129314 137.963213 0.000115 68.789567 1.236616 4.732757
1 8.288306 33.119094 -41.006675 0.231101 133.979483 0.000124 74.445783 1.309134 4.732757
1 9.380733 33.047096 -40.951588 0.604484 60.448150 0.001237 64.984201 3.495890 4.732757
1 9.113858 33.054147 -40.877205 0.209936 75.871451 0.001129 60.767968 2.536863 4.732757
1 9.345776 32.968399 -40.867750 0.541674 145.184456 0.000376 54.804037 4.819801 4.732757
1 9.295813 33.095719 -40.943066 0.851831 52.438448 0.000514 92.504612 1.080242 4.732757
1 9.476778 33.183944 -40.857706 0.803634 151.552358 0.001588 57.750175 4.798419 4.732757
1 8.112879 33.009306 -40.812557 0.152056 83.518319 0.000885 50.445718 3.911998 4.732757
