#REFERENCE 3 47.2332780 26.7604950
81   33.12  -40.95   3.40   2.99   6.390    0.13   0.005  14.924   24.7 0.356  24.74 O1 0   33.4
81    0.09    0.67  13.55  12.34  38.520    0.09  61.653 1500.000 1108.4 0.356   0.00 2 1 1251.5
81    0.00    0.00 118.79  97.63  67.500    0.19   0.150 487.589  394.2 0.356   0.00 3 2  567.7
14    0.00    0.00    inf 179769313486231570814527423731704356798070567525844996598917476803157260780028538760589558632766878171540458953514382464234321326889464182768467546703537516986049910576551282076245490090389328944075868508455133942304583236903222948165808559332123348274797826204144723168738177180919299881250404026184124858368.00  59.045    0.13   0.000   0.000    0.0 0.356   0.00 4 3    0.0
81    1.69  -43.61  81.93  74.40  21.100    0.10   0.116 371.599  123.1 0.356  17.76 5 4  178.2
81  -10.32  -31.04  80.03  74.24  53.690    0.07   0.116 370.778  122.9 0.356  17.77 6 5  178.0
81  -20.30   23.79  77.04  70.12 -75.490    0.09   0.109 350.228  119.5 0.356  17.89 7 6  173.1
81  -56.11   10.36  77.70  69.99  79.340    0.10   0.109 349.544  119.4 0.356  17.90 8 7  173.0
81   39.36  -23.31  92.53  65.62  51.760    0.33   0.102 327.741  115.6 0.356  18.04 9 8  167.7
81    0.80    2.77  93.74  63.74 -24.000    0.37   0.099 318.356  113.9 0.356  18.10 10 9  165.3
81   15.27   56.39  80.32  63.19  29.020    0.24   0.098 315.571  113.4 0.356  18.12 11 10  164.6
81   46.55  -52.79  96.87  59.52 -57.050    0.45   0.093 297.242  110.1 0.356  18.25 12 11  159.9
81    4.29  -26.04 103.03  59.26  54.820    0.50   0.092 295.979  109.8 0.356  18.26 13 12  159.6
81  -41.64   29.45  93.01  54.57 -89.970    0.49   0.085 272.539  105.4 0.356  18.44 14 13  153.3
81    0.21    9.90 131.16  52.93 -48.010    0.72   0.082 264.377  103.8 0.356  18.50 15 14  151.0
81    4.62   -1.20  60.98  52.50  54.500    0.15   0.082 262.211  103.4 0.356  18.52 16 15  150.4
81   11.61  -65.34  83.44  50.60 -60.920    0.46   0.079 252.728  101.5 0.356  18.60 17 16  147.7
81   50.28  -38.96  55.10  48.85 -81.440    0.12   0.076 243.983   99.7 0.356  18.68 18 17  145.2
81   29.11   -2.36  50.81  47.40 -55.530    0.07   0.074 236.724   98.2 0.356  18.74 19 18  143.1
81    5.16   20.40  71.77  45.16  65.220    0.43   0.070 225.571   95.9 0.356  18.85 20 19  139.7
81    3.29   -0.96  64.46  44.84  48.100    0.35   0.070 223.971   95.5 0.356  18.86 21 20  139.3
81   27.69  -15.54  59.74  44.01   0.100    0.30   0.068 219.814   94.7 0.356  18.90 22 21  138.0
81  -45.68   16.28  47.77  43.20  61.600    0.10   0.067 215.767   93.8 0.356  18.94 23 22  136.7
81   -2.97  -61.58  92.92  43.06 -15.510    0.65   0.067 215.056   93.6 0.356  18.95 24 23  136.5
81  -17.63  -38.64  51.86  42.50 -13.230    0.20   0.066 212.267   93.0 0.356  18.98 25 24  135.6
81   -3.82    2.01  76.93  42.27 -28.340    0.54   0.066 211.110   92.8 0.356  18.99 26 25  135.3
81   49.16  -52.49  73.22  41.88 -52.810    0.51   0.065 209.189   92.3 0.356  19.01 27 26  134.7
81  -50.77    8.57  53.39  41.64 -33.730    0.24   0.065 207.954   92.1 0.356  19.02 28 27  134.3
81    3.00   -4.27  43.77  41.57  13.560    0.05   0.065 207.627   92.0 0.356  19.03 29 28  134.2
81  -48.35   15.85  51.34  41.09 -68.760    0.22   0.064 205.220   91.5 0.356  19.05 30 29  133.4
81  -17.17  -30.93  44.33  39.97   6.060    0.10   0.062 199.625   90.2 0.356  19.11 31 30  131.6
81  -38.46  -32.79  53.54  39.88 -89.930    0.29   0.062 199.197   90.1 0.356  19.12 32 31  131.4
81   -1.27   29.77  51.19  39.15 -63.440    0.26   0.061 195.529   89.3 0.356  19.16 33 32  130.2
81  -51.55   23.47  50.26  38.53 -57.610    0.26   0.060 192.428   88.6 0.356  19.19 34 33  129.2
81   40.05   10.05  49.67  37.10  42.460    0.28   0.058 185.271   86.9 0.356  19.27 35 34  126.8
81  -16.27   -4.03  75.88  36.94  -8.310    0.62   0.057 184.506   86.7 0.356  19.28 36 35  126.6
81   26.66    6.50  72.47  36.93  84.720    0.59   0.057 184.452   86.7 0.356  19.28 37 36  126.5
81  -12.09  -54.49  37.97  34.69  -3.070    0.09   0.054 173.268   84.0 0.356  19.42 38 37  122.7
81    6.83  -13.40  35.92  34.11  85.140    0.05   0.053 170.382   83.3 0.356  19.46 39 38  121.7
81  -56.24  -14.69  45.70  34.07 -37.750    0.29   0.053 170.176   83.3 0.356  19.46 40 39  121.6
81  -29.52   52.22  36.22  33.79  15.080    0.07   0.053 168.759   82.9 0.356  19.48 41 40  121.1
81   19.58  -17.80  38.01  33.53 -30.950    0.12   0.052 167.456   82.6 0.356  19.49 42 41  120.6
81    5.92    0.77  54.20  33.32 -18.890    0.45   0.052 166.399   82.4 0.356  19.51 43 42  120.2
81  -58.49  -28.69  39.15  32.91 -53.020    0.17   0.051 164.379   81.9 0.356  19.53 44 43  119.5
81  -70.94  -14.70  38.30  32.78  62.670    0.15   0.051 163.706   81.7 0.356  19.54 45 44  119.3
81    3.72   40.46  33.71  32.23 -74.990    0.04   0.050 160.956   81.0 0.356  19.58 46 45  118.3
81   31.38   25.00  49.77  32.15 -65.000    0.41   0.050 160.569   80.9 0.356  19.58 47 46  118.1
81   54.29  -16.05  45.21  32.00  88.300    0.33   0.050 159.799   80.7 0.356  19.59 48 47  117.8
81    6.01   -7.17  36.84  31.84  80.120    0.14   0.050 159.020   80.5 0.356  19.61 49 48  117.5
81   -5.88   12.83  54.62  31.71 -67.260    0.50   0.049 158.347   80.3 0.356  19.61 50 49  117.3
81  -36.17    2.66  47.44  31.47 -28.400    0.39   0.049 157.149   80.0 0.356  19.63 51 50  116.9
81  -68.91   -1.60  68.11  30.78  79.950    0.66   0.048 153.738   79.2 0.356  19.68 52 51  115.6
81    0.91    1.24  45.24  29.59  33.790    0.40   0.046 147.767   77.6 0.356  19.76 53 52  113.3
81    1.02    0.92  34.84  29.40  57.400    0.17   0.046 146.841   77.4 0.356  19.78 54 53  113.0
81   10.62   33.36  39.71  28.82  50.080    0.31   0.045 143.944   76.6 0.356  19.82 55 54  111.9
81   15.46  -67.37  43.93  28.64 -52.710    0.40   0.045 143.033   76.4 0.356  19.84 56 55  111.5
81   -2.89   -5.51  32.64  28.54 -24.180    0.13   0.044 142.534   76.2 0.356  19.84 57 56  111.3
81  -16.78   15.18  39.43  28.46 -62.380    0.32   0.044 142.136   76.1 0.356  19.85 58 57  111.1
81  -16.94   -0.91  38.89  27.52 -60.660    0.33   0.043 137.442   74.8 0.356  19.92 59 58  109.3
81  -18.56  -50.69  54.52  26.86  53.310    0.61   0.042 134.159   73.9 0.356  19.97 60 59  108.0
81   65.74  -21.86  29.59  25.79  79.590    0.14   0.040 128.814   72.5 0.356  20.06 61 60  105.8
81   -2.52   -4.88  28.39  25.40 -34.620    0.11   0.040 126.865   71.9 0.356  20.10 62 61  105.0
81   34.95  -19.71  35.97  25.36 -42.330    0.34   0.039 126.675   71.9 0.356  20.10 63 62  104.9
81   31.21   22.98 120.57  25.12  70.000    0.92   0.039 125.452   71.5 0.356  20.12 64 63  104.4
81  -14.64  -34.92  29.49  24.99  33.930    0.16   0.039 124.793   71.3 0.356  20.13 65 64  104.1
81  -32.72  -40.63  34.28  24.84  52.350    0.31   0.039 124.069   71.1 0.356  20.14 66 65  103.8
81    5.65    0.10  30.79  24.71 -53.400    0.22   0.038 123.416   70.9 0.356  20.16 67 66  103.5
81   18.04   29.22  29.37  24.25 -16.590    0.19   0.038 121.137   70.3 0.356  20.20 68 67  102.6
81  -11.47   30.48  29.36  24.23  84.220    0.19   0.038 121.019   70.2 0.356  20.20 69 68  102.5
81  -53.08   -2.95  26.45  24.21  83.740    0.09   0.038 120.934   70.2 0.356  20.20 70 69  102.5
81  -18.79   18.51  25.07  23.13 -68.250    0.08   0.036 115.513   68.6 0.356  20.30 71 70  100.2
81   39.18   10.55  28.28  23.12 -80.970    0.20   0.036 115.461   68.6 0.356  20.30 72 71  100.1
81   15.07  -12.48  23.73  22.75 -68.620    0.04   0.035 113.601   68.0 0.356  20.34 73 72   99.3
81   44.18  -12.44  38.92  22.49  35.460    0.50   0.035 112.317   67.7 0.356  20.36 74 73   98.7
81  -50.88   -1.98  28.24  22.38  43.590    0.23   0.035 111.793   67.5 0.356  20.37 75 74   98.5
81   32.27  -56.61  36.11  22.07 -42.470    0.46   0.034 110.240   67.0 0.356  20.40 76 75   97.8
81   30.75   45.45  22.37  21.93  61.820    0.02   0.034 109.538   66.8 0.356  20.41 77 76   97.5
81  -15.31   -3.97  26.99  21.48 -58.490    0.22   0.033 107.275   66.1 0.356  20.46 78 77   96.5
81  -27.94   17.86  26.06  21.37  80.720    0.20   0.033 106.745   66.0 0.356  20.47 79 78   96.2
81   15.20   39.48  28.99  20.39 -44.420    0.34   0.032 101.842   64.4 0.356  20.57 80 79   94.0
81   56.04  -40.76  43.49  20.27  29.390    0.64   0.032 101.242   64.2 0.356  20.59 81 80   93.7
81  -28.02   26.12  25.27  20.27 -83.990    0.22   0.032 101.214   64.2 0.356  20.59 82 81   93.7
81    2.43    0.35  35.56  19.84  -0.540    0.53   0.031  99.065   63.5 0.356  20.63 83 82   92.7
81   -7.24   -6.47  21.12  19.79  72.040    0.06   0.031  98.821   63.5 0.356  20.64 84 83   92.5
81   53.28  -34.91  24.11  19.46 -72.100    0.21   0.030  97.189   62.9 0.356  20.67 85 84   91.8
81   52.52  -24.16  24.11  19.45 -51.940    0.21   0.030  97.165   62.9 0.356  20.68 86 85   91.8
81    3.51   22.06  24.38  19.37  89.400    0.23   0.030  96.719   62.8 0.356  20.69 87 86   91.5
81  -28.37  -17.03  19.22  18.59 -79.800    0.03   0.029  92.822   61.5 0.356  20.77 88 87   89.6
81  -45.00   -4.70  27.16  18.45  74.430    0.37   0.029  92.170   61.3 0.356  20.79 89 88   89.3
81  -44.46  -24.66  28.30  18.19 -13.000    0.42   0.028  90.852   60.9 0.356  20.82 90 89   88.7
81    2.55   20.47  18.16  17.79 -64.630    0.02   0.028  88.827   60.2 0.356  20.87 91 90   87.7
81   -6.39   69.97  32.83  17.75  61.860    0.55   0.028  88.640   60.1 0.356  20.87 92 91   87.6
81  -36.47    7.17  24.97  17.71  79.530    0.33   0.028  88.459   60.0 0.356  20.88 93 92   87.5
81  -59.17  -31.98  29.03  17.35 -71.990    0.47   0.027  86.677   59.4 0.356  20.92 94 93   86.6
81  -61.77  -28.86  21.55  17.24 -87.500    0.22   0.027  86.105   59.2 0.356  20.94 95 94   86.3
81    6.51  -29.20  18.31  16.76  -3.260    0.09   0.026  83.713   58.4 0.356  21.00 96 95   85.0
81    8.72  -42.82  29.85  16.41  52.080    0.54   0.026  81.953   57.8 0.356  21.04 97 96   84.1
81   -9.46  -61.22  28.53  16.08  15.930    0.52   0.025  80.292   57.2 0.356  21.09 98 97   83.2
81   19.91  -43.48  32.35  16.02 -17.390    0.61   0.025  79.995   57.1 0.356  21.10 99 98   83.1
81   12.77  -14.16  18.79  15.99  42.420    0.16   0.025  79.875   57.1 0.356  21.10 100 99   83.0
81   -6.91    9.38  21.64  15.91 -53.030    0.30   0.025  79.450   56.9 0.356  21.11 101 100   82.8
81   17.40   10.76  31.48  15.66  79.000    0.60   0.024  78.198   56.5 0.356  21.15 102 101   82.1
81  -55.47    8.76  33.27  15.39  77.160    0.65   0.024  76.873   56.0 0.356  21.18 103 102   81.4
81   -5.60  -48.15  19.98  15.03  41.470    0.28   0.023  75.053   55.3 0.356  21.24 104 103   80.4
81   32.67   27.32  59.94  14.99   5.000    0.88   0.023  74.843   55.2 0.356  21.24 105 104   80.3
81   21.19   36.69  16.68  14.92 -64.460    0.11   0.023  74.519   55.1 0.356  21.25 106 105   80.1
81    0.86   -6.63  24.20  14.89  82.080    0.45   0.023  74.356   55.1 0.356  21.26 107 106   80.0
81   63.52   19.26  17.09  14.69 -41.960    0.15   0.023  73.373   54.7 0.356  21.29 108 107   79.5
81   24.85  -40.15  17.10  14.62  -6.990    0.16   0.023  73.012   54.6 0.356  21.30 109 108   79.3
81  -64.34  -18.74  26.59  14.47 -80.840    0.54   0.023  72.283   54.3 0.356  21.32 110 109   78.9
81   54.03   17.39  15.19  14.23  35.760    0.07   0.022  71.050   53.8 0.356  21.35 111 110   78.2
81  -11.22  -18.96  16.76  14.21 -27.720    0.16   0.022  70.952   53.8 0.356  21.36 112 111   78.1
81   -9.67   24.40  16.42  14.08  13.560    0.15   0.022  70.301   53.5 0.356  21.38 113 112   77.7
81    0.79  -41.20  16.37  13.94 -81.030    0.16   0.022  69.642   53.3 0.356  21.40 114 113   77.4
81    4.18  -28.23  15.29  13.63 -89.170    0.11   0.021  68.081   52.7 0.356  21.45 115 114   76.5
81   49.14   12.58  13.88  13.25  20.700    0.05   0.021  66.196   51.9 0.356  21.51 116 115   75.4
81   16.76  -12.82  13.44  12.54  -2.630    0.07   0.020  62.653   50.5 0.356  21.63 117 116   73.2
81   13.64  -23.62  12.94  12.48  83.130    0.04   0.019  62.328   50.4 0.356  21.64 118 117   73.1
81  -61.19    1.47  14.97  12.22  34.540    0.20   0.019  61.015   49.9 0.356  21.69 119 118   72.2
81  -18.51  -42.61  15.43  11.91  46.380    0.25   0.019  59.504   49.2 0.356  21.74 120 119   71.3
81  -44.85   39.68  19.82  11.81  19.480    0.48   0.018  58.974   49.0 0.356  21.76 121 120   71.0
81   41.94  -34.85  13.94  11.74  82.700    0.17   0.018  58.646   48.9 0.356  21.77 122 121   70.8
81   48.45  -47.18  15.23  11.63 -47.700    0.26   0.018  58.101   48.7 0.356  21.79 123 122   70.4
81   18.00  -54.38  24.87  11.61 -87.120    0.64   0.018  58.006   48.6 0.356  21.80 124 123   70.4
81   42.92   -8.41  13.31  11.55  83.830    0.14   0.018  57.662   48.5 0.356  21.81 125 124   70.2
81   27.58   12.73  19.42  11.11 -33.710    0.51   0.017  55.483   47.6 0.356  21.89 126 125   68.8
81   59.27  -32.73  14.60  10.84 -12.700    0.29   0.017  54.125   47.0 0.356  21.95 127 126   67.9
81  -47.86   40.78  11.98  10.58 -64.510    0.12   0.016  52.825   46.4 0.356  22.00 128 127   67.0
81  -30.61   57.72  11.06  10.49 -43.510    0.05   0.016  52.412   46.2 0.356  22.02 129 128   66.7
81    0.14   69.69  11.42  10.44 -82.270    0.09   0.016  52.137   46.1 0.356  22.03 130 129   66.6
81  -67.12   -7.55  14.91  10.36   8.180    0.35   0.016  51.722   45.9 0.356  22.04 131 130   66.3
81  -25.73  -27.13  18.19  10.21  46.980    0.52   0.016  50.983   45.6 0.356  22.08 132 131   65.8
81  -33.75   72.13  12.34  10.15  78.020    0.19   0.016  50.705   45.5 0.356  22.09 133 132   65.6
81   27.78   14.22  12.44  10.09  58.080    0.21   0.016  50.401   45.3 0.356  22.10 134 133   65.4
81  -22.32   55.28  10.41  10.05  49.640    0.04   0.016  50.172   45.2 0.356  22.11 135 134   65.2
81   45.02   -7.42  25.82   9.95  56.360    0.74   0.015  49.717   45.0 0.356  22.13 136 135   64.9
81   30.73  -25.69  14.60   9.80 -85.520    0.38   0.015  48.960   44.7 0.356  22.16 137 136   64.4
81   -6.79  -25.95  10.55   9.76  15.660    0.08   0.015  48.738   44.6 0.356  22.17 138 137   64.2
81  -31.95   46.82  14.68   9.67  -9.800    0.40   0.015  48.272   44.4 0.356  22.19 139 138   63.9
81  -16.22   27.23   9.96   9.60 -60.770    0.04   0.015  47.953   44.2 0.356  22.21 140 139   63.7
81   -7.99   32.56  16.48   9.56 -12.330    0.50   0.015  47.769   44.1 0.356  22.22 141 140   63.6
81  -31.06  -37.78  10.19   9.28 -73.430    0.09   0.014  46.365   43.5 0.356  22.28 142 141   62.6
81    3.86   29.01  15.11   9.17 -63.720    0.46   0.014  45.818   43.2 0.356  22.31 143 142   62.2
