#REFERENCE 0 47.2332780 26.7604950
1 47.2229732 26.7491070 0.0000 0.0000 136.00 0.00
1 47.222973 26.749107 0.0000 0.0000 136.00 0.00
1 47.2229732 26.7491070 0.0000 0.0000 136.00 0.00
1 47.2229732 26.7491070 0.4191 0.3626 136.00 0.06
2 47.2332486 26.7606818 0.0000 0.0000 38.52 0.00
2 47.233249 26.760682 0.0000 0.0000 38.52 0.00
2 47.2332486 26.7606818 0.0000 0.0000 38.52 0.00
2 47.2332486 26.7606818 7.6553 6.9730 38.52 1940.23
3 47.2332780 26.7604950 0.0000 0.0000 67.50 0.00
3 47.233278 26.760495 0.0000 0.0000 67.50 0.00
3 47.2332780 26.7604950 0.0000 0.0000 67.50 0.00
3 47.2332780 26.7604950 2.8875 2.3732 67.50 83.03
4 47.2332780 26.7604950 0.0000 0.0000 59.04 0.00
4 47.233278 26.760495 0.0000 0.0000 59.04 0.00
4 47.2332780 26.7604950 0.0000 0.0000 59.04 0.00
4 47.2332780 26.7604950 0.0000 0.0000 59.04 0.00
5 47.2327520 26.7483817 0.0000 0.0000 21.10 0.00
5 47.232752 26.748382 0.0000 0.0000 21.10 0.00
5 47.2327520 26.7483817 0.0000 0.0000 21.10 0.00
5 47.2327520 26.7483817 0.8514 0.7732 21.10 6.17
6 47.2364870 26.7518727 0.0000 0.0000 53.69 0.00
6 47.236487 26.751873 0.0000 0.0000 53.69 0.00
6 47.2364870 26.7518727 0.0000 0.0000 53.69 0.00
6 47.2364870 26.7518727 0.8407 0.7799 53.69 6.14
7 47.2395940 26.7671047 0.0000 0.0000 -75.49 0.00
7 47.239594 26.767105 0.0000 0.0000 -75.49 0.00
7 47.2395940 26.7671047 0.0000 0.0000 -75.49 0.00
7 47.2395940 26.7671047 0.8255 0.7514 -75.49 5.48
8 47.2507340 26.7633727 0.0000 0.0000 79.34 0.00
8 47.250734 26.763373 0.0000 0.0000 79.34 0.00
8 47.2507340 26.7633727 0.0000 0.0000 79.34 0.00
8 47.2507340 26.7633727 0.8295 0.7471 79.34 5.46
9 47.2210330 26.7540187 0.0000 0.0000 51.76 0.00
9 47.221033 26.754019 0.0000 0.0000 51.76 0.00
9 47.2210330 26.7540187 0.0000 0.0000 51.76 0.00
9 47.2210330 26.7540187 0.9292 0.6590 51.76 4.80
10 47.2330290 26.7612647 0.0000 0.0000 -24.00 0.00
10 47.233029 26.761265 0.0000 0.0000 -24.00 0.00
10 47.2330290 26.7612647 0.0000 0.0000 -24.00 0.00
10 47.2330290 26.7612647 0.9422 0.6407 -24.00 4.53
11 47.2285260 26.7761577 0.0000 0.0000 29.02 0.00
11 47.228526 26.776158 0.0000 0.0000 29.02 0.00
11 47.2285260 26.7761577 0.0000 0.0000 29.02 0.00
11 47.2285260 26.7761577 0.8531 0.6711 29.02 4.45
12 47.2187970 26.7458307 0.0000 0.0000 -57.05 0.00
12 47.218797 26.745831 0.0000 0.0000 -57.05 0.00
12 47.2187970 26.7458307 0.0000 0.0000 -57.05 0.00
12 47.2187970 26.7458307 0.9779 0.6008 -57.05 3.95
13 47.2319430 26.7532627 0.0000 0.0000 54.82 0.00
13 47.231943 26.753263 0.0000 0.0000 54.82 0.00
13 47.2319430 26.7532627 0.0000 0.0000 54.82 0.00
13 47.2319430 26.7532627 1.0245 0.5893 54.82 3.91
14 47.2462320 26.7686757 0.0000 0.0000 -89.97 0.00
14 47.246232 26.768676 0.0000 0.0000 -89.97 0.00
14 47.2462320 26.7686757 0.0000 0.0000 -89.97 0.00
14 47.2462320 26.7686757 0.9687 0.5683 -89.97 3.32
15 47.2332130 26.7632447 0.0000 0.0000 -48.01 0.00
15 47.233213 26.763245 0.0000 0.0000 -48.01 0.00
15 47.2332130 26.7632447 0.0000 0.0000 -48.01 0.00
15 47.2332130 26.7632447 1.2900 0.5206 -48.01 3.12
16 47.2318400 26.7601627 0.0000 0.0000 54.50 0.00
16 47.231840 26.760163 0.0000 0.0000 54.50 0.00
16 47.2318400 26.7601627 0.0000 0.0000 54.50 0.00
16 47.2318400 26.7601627 0.7369 0.6344 54.50 3.07
17 47.2296670 26.7423437 0.0000 0.0000 -60.92 0.00
17 47.229667 26.742344 0.0000 0.0000 -60.92 0.00
17 47.2296670 26.7423437 0.0000 0.0000 -60.92 0.00
17 47.2296670 26.7423437 0.9103 0.5521 -60.92 2.85
18 47.2176360 26.7496737 0.0000 0.0000 -81.44 0.00
18 47.217636 26.749674 0.0000 0.0000 -81.44 0.00
18 47.2176360 26.7496737 0.0000 0.0000 -81.44 0.00
18 47.2176360 26.7496737 0.6991 0.6198 -81.44 2.66
19 47.2242210 26.7598397 0.0000 0.0000 -55.53 0.00
19 47.224221 26.759840 0.0000 0.0000 -55.53 0.00
19 47.2242210 26.7598397 0.0000 0.0000 -55.53 0.00
19 47.2242210 26.7598397 0.6698 0.6247 -55.53 2.50
20 47.2316730 26.7661627 0.0000 0.0000 65.22 0.00
20 47.231673 26.766163 0.0000 0.0000 65.22 0.00
20 47.2316730 26.7661627 0.0000 0.0000 65.22 0.00
20 47.2316730 26.7661627 0.8373 0.5269 65.22 2.27
21 47.2322560 26.7602297 0.0000 0.0000 48.10 0.00
21 47.232256 26.760230 0.0000 0.0000 48.10 0.00
21 47.2322560 26.7602297 0.0000 0.0000 48.10 0.00
21 47.2322560 26.7602297 0.7781 0.5413 48.10 2.24
22 47.2246650 26.7561787 0.0000 0.0000 0.10 0.00
22 47.224665 26.756179 0.0000 0.0000 0.10 0.00
22 47.2246650 26.7561787 0.0000 0.0000 0.10 0.00
22 47.2246650 26.7561787 0.7422 0.5468 0.10 2.16
23 47.2474890 26.7650177 0.0000 0.0000 61.60 0.00
23 47.247489 26.765018 0.0000 0.0000 61.60 0.00
23 47.2474890 26.7650177 0.0000 0.0000 61.60 0.00
23 47.2474890 26.7650177 0.6502 0.5881 61.60 2.08
24 47.2342020 26.7433887 0.0000 0.0000 -15.51 0.00
24 47.234202 26.743389 0.0000 0.0000 -15.51 0.00
24 47.2342020 26.7433887 0.0000 0.0000 -15.51 0.00
24 47.2342020 26.7433887 1.0356 0.4799 -15.51 2.07
25 47.2387620 26.7497627 0.0000 0.0000 -13.23 0.00
25 47.238762 26.749763 0.0000 0.0000 -13.23 0.00
25 47.2387620 26.7497627 0.0000 0.0000 -13.23 0.00
25 47.2387620 26.7497627 0.6825 0.5593 -13.23 2.01
26 47.2344670 26.7610547 0.0000 0.0000 -28.34 0.00
26 47.234467 26.761055 0.0000 0.0000 -28.34 0.00
26 47.2344670 26.7610547 0.0000 0.0000 -28.34 0.00
26 47.2344670 26.7610547 0.8959 0.4922 -28.34 1.99
27 47.2179860 26.7459147 0.0000 0.0000 -52.81 0.00
27 47.217986 26.745915 0.0000 0.0000 -52.81 0.00
27 47.2179860 26.7459147 0.0000 0.0000 -52.81 0.00
27 47.2179860 26.7459147 0.8649 0.4948 -52.81 1.95
28 47.2490720 26.7628757 0.0000 0.0000 -33.73 0.00
28 47.249072 26.762876 0.0000 0.0000 -33.73 0.00
28 47.2490720 26.7628757 0.0000 0.0000 -33.73 0.00
28 47.2490720 26.7628757 0.6963 0.5430 -33.73 1.93
29 47.2323440 26.7593077 0.0000 0.0000 13.56 0.00
29 47.232344 26.759308 0.0000 0.0000 13.56 0.00
29 47.2323440 26.7593077 0.0000 0.0000 13.56 0.00
29 47.2323440 26.7593077 0.6213 0.5901 13.56 1.93
30 47.2483200 26.7648967 0.0000 0.0000 -68.76 0.00
30 47.248320 26.764897 0.0000 0.0000 -68.76 0.00
30 47.2483200 26.7648967 0.0000 0.0000 -68.76 0.00
30 47.2483200 26.7648967 0.6807 0.5448 -68.76 1.88
31 47.2386180 26.7519047 0.0000 0.0000 6.06 0.00
31 47.238618 26.751905 0.0000 0.0000 6.06 0.00
31 47.2386180 26.7519047 0.0000 0.0000 6.06 0.00
31 47.2386180 26.7519047 0.6265 0.5649 6.06 1.78
32 47.2452430 26.7513857 0.0000 0.0000 -89.93 0.00
32 47.245243 26.751386 0.0000 0.0000 -89.93 0.00
32 47.2452430 26.7513857 0.0000 0.0000 -89.93 0.00
32 47.2452430 26.7513857 0.7015 0.5226 -89.93 1.77
33 47.2336730 26.7687647 0.0000 0.0000 -63.44 0.00
33 47.233673 26.768765 0.0000 0.0000 -63.44 0.00
33 47.2336730 26.7687647 0.0000 0.0000 -63.44 0.00
33 47.2336730 26.7687647 0.6835 0.5227 -63.44 1.71
34 47.2493160 26.7670147 0.0000 0.0000 -57.61 0.00
34 47.249316 26.767015 0.0000 0.0000 -57.61 0.00
34 47.2493160 26.7670147 0.0000 0.0000 -57.61 0.00
34 47.2493160 26.7670147 0.6770 0.5190 -57.61 1.65
35 47.2208170 26.7632867 0.0000 0.0000 42.46 0.00
35 47.220817 26.763287 0.0000 0.0000 42.46 0.00
35 47.2208170 26.7632867 0.0000 0.0000 42.46 0.00
35 47.2208170 26.7632867 0.6754 0.5044 42.46 1.53
36 47.2383410 26.7593757 0.0000 0.0000 -8.31 0.00
36 47.238341 26.759376 0.0000 0.0000 -8.31 0.00
36 47.2383410 26.7593757 0.0000 0.0000 -8.31 0.00
36 47.2383410 26.7593757 0.9214 0.4486 -8.31 1.52
37 47.2249850 26.7623007 0.0000 0.0000 84.72 0.00
37 47.224985 26.762301 0.0000 0.0000 84.72 0.00
37 47.2249850 26.7623007 0.0000 0.0000 84.72 0.00
37 47.2249850 26.7623007 0.8882 0.4526 84.72 1.52
38 47.2370390 26.7453597 0.0000 0.0000 -3.07 0.00
38 47.237039 26.745360 0.0000 0.0000 -3.07 0.00
38 47.2370390 26.7453597 0.0000 0.0000 -3.07 0.00
38 47.2370390 26.7453597 0.5794 0.5294 -3.07 1.34
39 47.2311520 26.7567717 0.0000 0.0000 85.14 0.00
39 47.231152 26.756772 0.0000 0.0000 85.14 0.00
39 47.2311520 26.7567717 0.0000 0.0000 85.14 0.00
39 47.2311520 26.7567717 0.5628 0.5345 85.14 1.30
40 47.2507740 26.7564157 0.0000 0.0000 -37.75 0.00
40 47.250774 26.756416 0.0000 0.0000 -37.75 0.00
40 47.2507740 26.7564157 0.0000 0.0000 -37.75 0.00
40 47.2507740 26.7564157 0.6480 0.4832 -37.75 1.29
41 47.2424630 26.7749997 0.0000 0.0000 15.08 0.00
41 47.242463 26.775000 0.0000 0.0000 15.08 0.00
41 47.2424630 26.7749997 0.0000 0.0000 15.08 0.00
41 47.2424630 26.7749997 0.5654 0.5275 15.08 1.27
42 47.2271880 26.7555497 0.0000 0.0000 -30.95 0.00
42 47.227188 26.755550 0.0000 0.0000 -30.95 0.00
42 47.2271880 26.7555497 0.0000 0.0000 -30.95 0.00
42 47.2271880 26.7555497 0.5809 0.5123 -30.95 1.25
43 47.2314370 26.7607077 0.0000 0.0000 -18.89 0.00
43 47.231437 26.760708 0.0000 0.0000 -18.89 0.00
43 47.2314370 26.7607077 0.0000 0.0000 -18.89 0.00
43 47.2314370 26.7607077 0.7314 0.4496 -18.89 1.24
44 47.2514740 26.7525267 0.0000 0.0000 -53.02 0.00
44 47.251474 26.752527 0.0000 0.0000 -53.02 0.00
44 47.2514740 26.7525267 0.0000 0.0000 -53.02 0.00
44 47.2514740 26.7525267 0.5916 0.4973 -53.02 1.21
45 47.2553460 26.7564107 0.0000 0.0000 62.67 0.00
45 47.255346 26.756411 0.0000 0.0000 62.67 0.00
45 47.2553460 26.7564107 0.0000 0.0000 62.67 0.00
45 47.2553460 26.7564107 0.5843 0.5000 62.67 1.20
46 47.2321210 26.7717327 0.0000 0.0000 -74.99 0.00
46 47.232121 26.771733 0.0000 0.0000 -74.99 0.00
46 47.2321210 26.7717327 0.0000 0.0000 -74.99 0.00
46 47.2321210 26.7717327 0.5451 0.5212 -74.99 1.16
47 47.2235170 26.7674387 0.0000 0.0000 -65.00 0.00
47 47.223517 26.767439 0.0000 0.0000 -65.00 0.00
47 47.2235170 26.7674387 0.0000 0.0000 -65.00 0.00
47 47.2235170 26.7674387 0.6934 0.4479 -65.00 1.15
48 47.2163900 26.7560377 0.0000 0.0000 88.30 0.00
48 47.216390 26.756038 0.0000 0.0000 88.30 0.00
48 47.2163900 26.7560377 0.0000 0.0000 88.30 0.00
48 47.2163900 26.7560377 0.6498 0.4598 88.30 1.14
49 47.2314080 26.7585037 0.0000 0.0000 80.12 0.00
49 47.231408 26.758504 0.0000 0.0000 80.12 0.00
49 47.2314080 26.7585037 0.0000 0.0000 80.12 0.00
49 47.2314080 26.7585037 0.5726 0.4949 80.12 1.13
50 47.2351060 26.7640597 0.0000 0.0000 -67.26 0.00
50 47.235106 26.764060 0.0000 0.0000 -67.26 0.00
50 47.2351060 26.7640597 0.0000 0.0000 -67.26 0.00
50 47.2351060 26.7640597 0.7442 0.4320 -67.26 1.12
51 47.2445300 26.7612327 0.0000 0.0000 -28.40 0.00
51 47.244530 26.761233 0.0000 0.0000 -28.40 0.00
51 47.2445300 26.7612327 0.0000 0.0000 -28.40 0.00
51 47.2445300 26.7612327 0.6735 0.4466 -28.40 1.10
52 47.2547170 26.7600507 0.0000 0.0000 79.95 0.00
52 47.254717 26.760051 0.0000 0.0000 79.95 0.00
52 47.2547170 26.7600507 0.0000 0.0000 79.95 0.00
52 47.2547170 26.7600507 0.8939 0.4040 79.95 1.06
53 47.2329960 26.7608407 0.0000 0.0000 33.79 0.00
53 47.232996 26.760841 0.0000 0.0000 33.79 0.00
53 47.2329960 26.7608407 0.0000 0.0000 33.79 0.00
53 47.2329960 26.7608407 0.6594 0.4313 33.79 0.98
54 47.2329620 26.7607507 0.0000 0.0000 57.40 0.00
54 47.232962 26.760751 0.0000 0.0000 57.40 0.00
54 47.2329620 26.7607507 0.0000 0.0000 57.40 0.00
54 47.2329620 26.7607507 0.5579 0.4708 57.40 0.96
55 47.2299750 26.7697627 0.0000 0.0000 50.08 0.00
55 47.229975 26.769763 0.0000 0.0000 50.08 0.00
55 47.2299750 26.7697627 0.0000 0.0000 50.08 0.00
55 47.2299750 26.7697627 0.6065 0.4402 50.08 0.93
56 47.2284680 26.7417817 0.0000 0.0000 -52.71 0.00
56 47.228468 26.741782 0.0000 0.0000 -52.71 0.00
56 47.2284680 26.7417817 0.0000 0.0000 -52.71 0.00
56 47.2284680 26.7417817 0.6503 0.4239 -52.71 0.91
57 47.2341760 26.7589647 0.0000 0.0000 -24.18 0.00
57 47.234176 26.758965 0.0000 0.0000 -24.18 0.00
57 47.2341760 26.7589647 0.0000 0.0000 -24.18 0.00
57 47.2341760 26.7589647 0.5385 0.4709 -24.18 0.91
58 47.2384990 26.7647117 0.0000 0.0000 -62.38 0.00
58 47.238499 26.764712 0.0000 0.0000 -62.38 0.00
58 47.2384990 26.7647117 0.0000 0.0000 -62.38 0.00
58 47.2384990 26.7647117 0.6049 0.4366 -62.38 0.90
59 47.2385480 26.7602427 0.0000 0.0000 -60.66 0.00
59 47.238548 26.760243 0.0000 0.0000 -60.66 0.00
59 47.2385480 26.7602427 0.0000 0.0000 -60.66 0.00
59 47.2385480 26.7602427 0.6027 0.4264 -60.66 0.84
60 47.2390520 26.7464157 0.0000 0.0000 53.31 0.00
60 47.239052 26.746416 0.0000 0.0000 53.31 0.00
60 47.2390520 26.7464157 0.0000 0.0000 53.31 0.00
60 47.2390520 26.7464157 0.7781 0.3834 53.31 0.80
61 47.2128280 26.7544237 0.0000 0.0000 79.59 0.00
61 47.212828 26.754424 0.0000 0.0000 79.59 0.00
61 47.2128280 26.7544237 0.0000 0.0000 79.59 0.00
61 47.2128280 26.7544237 0.5129 0.4470 79.59 0.74
62 47.2340630 26.7591387 0.0000 0.0000 -34.62 0.00
62 47.234063 26.759139 0.0000 0.0000 -34.62 0.00
62 47.2340630 26.7591387 0.0000 0.0000 -34.62 0.00
62 47.2340630 26.7591387 0.5015 0.4488 -34.62 0.72
63 47.2224040 26.7550207 0.0000 0.0000 -42.33 0.00
63 47.222404 26.755021 0.0000 0.0000 -42.33 0.00
63 47.2224040 26.7550207 0.0000 0.0000 -42.33 0.00
63 47.2224040 26.7550207 0.5799 0.4089 -42.33 0.72
64 47.2235700 26.7668787 0.0000 0.0000 70.00 0.00
64 47.223570 26.766879 0.0000 0.0000 70.00 0.00
64 47.2235700 26.7668787 0.0000 0.0000 70.00 0.00
64 47.2235700 26.7668787 1.6306 0.3397 70.00 0.70
65 47.2378340 26.7507937 0.0000 0.0000 33.93 0.00
65 47.237834 26.750794 0.0000 0.0000 33.93 0.00
65 47.2378340 26.7507937 0.0000 0.0000 33.93 0.00
65 47.2378340 26.7507937 0.5131 0.4348 33.93 0.70
66 47.2434570 26.7492087 0.0000 0.0000 52.35 0.00
66 47.243457 26.749209 0.0000 0.0000 52.35 0.00
66 47.2434570 26.7492087 0.0000 0.0000 52.35 0.00
66 47.2434570 26.7492087 0.5636 0.4085 52.35 0.69
67 47.2315200 26.7605237 0.0000 0.0000 -53.40 0.00
67 47.231520 26.760524 0.0000 0.0000 -53.40 0.00
67 47.2315200 26.7605237 0.0000 0.0000 -53.40 0.00
67 47.2315200 26.7605237 0.5270 0.4230 -53.40 0.68
68 47.2276650 26.7686117 0.0000 0.0000 -16.59 0.00
68 47.227665 26.768612 0.0000 0.0000 -16.59 0.00
68 47.2276650 26.7686117 0.0000 0.0000 -16.59 0.00
68 47.2276650 26.7686117 0.5132 0.4238 -16.59 0.66
69 47.2368470 26.7689607 0.0000 0.0000 84.22 0.00
69 47.236847 26.768961 0.0000 0.0000 84.22 0.00
69 47.2368470 26.7689607 0.0000 0.0000 84.22 0.00
69 47.2368470 26.7689607 0.5131 0.4235 84.22 0.65
70 47.2497910 26.7596747 0.0000 0.0000 83.74 0.00
70 47.249791 26.759675 0.0000 0.0000 83.74 0.00
70 47.2497910 26.7596747 0.0000 0.0000 83.74 0.00
70 47.2497910 26.7596747 0.4836 0.4427 83.74 0.65
71 47.2391250 26.7656377 0.0000 0.0000 -68.25 0.00
71 47.239125 26.765638 0.0000 0.0000 -68.25 0.00
71 47.2391250 26.7656377 0.0000 0.0000 -68.25 0.00
71 47.2391250 26.7656377 0.4706 0.4342 -68.25 0.60
72 47.2210880 26.7634247 0.0000 0.0000 -80.97 0.00
72 47.221088 26.763425 0.0000 0.0000 -80.97 0.00
72 47.2210880 26.7634247 0.0000 0.0000 -80.97 0.00
72 47.2210880 26.7634247 0.5041 0.4121 -80.97 0.60
73 47.2285890 26.7570277 0.0000 0.0000 -68.62 0.00
73 47.228589 26.757028 0.0000 0.0000 -68.62 0.00
73 47.2285890 26.7570277 0.0000 0.0000 -68.62 0.00
73 47.2285890 26.7570277 0.4574 0.4383 -68.62 0.58
74 47.2195330 26.7570407 0.0000 0.0000 35.46 0.00
74 47.219533 26.757041 0.0000 0.0000 35.46 0.00
74 47.2195330 26.7570407 0.0000 0.0000 35.46 0.00
74 47.2195330 26.7570407 0.6290 0.3634 35.46 0.56
75 47.2491080 26.7599457 0.0000 0.0000 43.59 0.00
75 47.249108 26.759946 0.0000 0.0000 43.59 0.00
75 47.2491080 26.7599457 0.0000 0.0000 43.59 0.00
75 47.2491080 26.7599457 0.5054 0.4006 43.59 0.56
76 47.2232380 26.7447687 0.0000 0.0000 -42.47 0.00
76 47.223238 26.744769 0.0000 0.0000 -42.47 0.00
76 47.2232380 26.7447687 0.0000 0.0000 -42.47 0.00
76 47.2232380 26.7447687 0.5978 0.3654 -42.47 0.54
77 47.2237120 26.7731197 0.0000 0.0000 61.82 0.00
77 47.223712 26.773120 0.0000 0.0000 61.82 0.00
77 47.2237120 26.7731197 0.0000 0.0000 61.82 0.00
77 47.2237120 26.7731197 0.4439 0.4352 61.82 0.54
78 47.2380400 26.7593917 0.0000 0.0000 -58.49 0.00
78 47.238040 26.759392 0.0000 0.0000 -58.49 0.00
78 47.2380400 26.7593917 0.0000 0.0000 -58.49 0.00
78 47.2380400 26.7593917 0.4938 0.3931 -58.49 0.51
79 47.2419710 26.7654567 0.0000 0.0000 80.72 0.00
79 47.241971 26.765457 0.0000 0.0000 80.72 0.00
79 47.2419710 26.7654567 0.0000 0.0000 80.72 0.00
79 47.2419710 26.7654567 0.4838 0.3967 80.72 0.51
80 47.2285480 26.7714617 0.0000 0.0000 -44.42 0.00
80 47.228548 26.771462 0.0000 0.0000 -44.42 0.00
80 47.2285480 26.7714617 0.0000 0.0000 -44.42 0.00
80 47.2285480 26.7714617 0.5209 0.3663 -44.42 0.46
81 47.2158440 26.7491717 0.0000 0.0000 29.39 0.00
81 47.215844 26.749172 0.0000 0.0000 29.39 0.00
81 47.2158440 26.7491717 0.0000 0.0000 29.39 0.00
81 47.2158440 26.7491717 0.7071 0.3296 29.39 0.46
82 47.2419950 26.7677497 0.0000 0.0000 -83.99 0.00
82 47.241995 26.767750 0.0000 0.0000 -83.99 0.00
82 47.2419950 26.7677497 0.0000 0.0000 -83.99 0.00
82 47.2419950 26.7677497 0.4775 0.3829 -83.99 0.46
83 47.2325230 26.7605927 0.0000 0.0000 -0.54 0.00
83 47.232523 26.760593 0.0000 0.0000 -0.54 0.00
83 47.2325230 26.7605927 0.0000 0.0000 -0.54 0.00
83 47.2325230 26.7605927 0.6067 0.3384 -0.54 0.44
84 47.2355290 26.7586977 0.0000 0.0000 72.04 0.00
84 47.235529 26.758698 0.0000 0.0000 72.04 0.00
84 47.2355290 26.7586977 0.0000 0.0000 72.04 0.00
84 47.2355290 26.7586977 0.4317 0.4045 72.04 0.44
85 47.2167020 26.7507977 0.0000 0.0000 -72.10 0.00
85 47.216702 26.750798 0.0000 0.0000 -72.10 0.00
85 47.2167020 26.7507977 0.0000 0.0000 -72.10 0.00
85 47.2167020 26.7507977 0.4661 0.3762 -72.10 0.42
86 47.2169380 26.7537827 0.0000 0.0000 -51.94 0.00
86 47.216938 26.753783 0.0000 0.0000 -51.94 0.00
86 47.2169380 26.7537827 0.0000 0.0000 -51.94 0.00
86 47.2169380 26.7537827 0.4660 0.3761 -51.94 0.42
87 47.2321870 26.7666217 0.0000 0.0000 89.40 0.00
87 47.232187 26.766622 0.0000 0.0000 89.40 0.00
87 47.2321870 26.7666217 0.0000 0.0000 89.40 0.00
87 47.2321870 26.7666217 0.4695 0.3729 89.40 0.42
88 47.2421040 26.7557647 0.0000 0.0000 -79.80 0.00
88 47.242104 26.755765 0.0000 0.0000 -79.80 0.00
88 47.2421040 26.7557647 0.0000 0.0000 -79.80 0.00
88 47.2421040 26.7557647 0.4116 0.3979 -79.80 0.38
89 47.2472760 26.7591897 0.0000 0.0000 74.43 0.00
89 47.247276 26.759190 0.0000 0.0000 74.43 0.00
89 47.2472760 26.7591897 0.0000 0.0000 74.43 0.00
89 47.2472760 26.7591897 0.5072 0.3446 74.43 0.38
90 47.2471090 26.7536447 0.0000 0.0000 -13.00 0.00
90 47.247109 26.753645 0.0000 0.0000 -13.00 0.00
90 47.2471090 26.7536447 0.0000 0.0000 -13.00 0.00
90 47.2471090 26.7536447 0.5234 0.3364 -13.00 0.37
91 47.2324860 26.7661817 0.0000 0.0000 -64.63 0.00
91 47.232486 26.766182 0.0000 0.0000 -64.63 0.00
91 47.2324860 26.7661817 0.0000 0.0000 -64.63 0.00
91 47.2324860 26.7661817 0.4000 0.3917 -64.63 0.35
92 47.2352660 26.7799317 0.0000 0.0000 61.86 0.00
92 47.235266 26.779932 0.0000 0.0000 61.86 0.00
92 47.2352660 26.7799317 0.0000 0.0000 61.86 0.00
92 47.2352660 26.7799317 0.5879 0.3178 61.86 0.35
93 47.2446230 26.7624857 0.0000 0.0000 79.53 0.00
93 47.244623 26.762486 0.0000 0.0000 79.53 0.00
93 47.2446230 26.7624857 0.0000 0.0000 79.53 0.00
93 47.2446230 26.7624857 0.4827 0.3424 79.53 0.35
94 47.2516870 26.7516127 0.0000 0.0000 -71.99 0.00
94 47.251687 26.751613 0.0000 0.0000 -71.99 0.00
94 47.2516870 26.7516127 0.0000 0.0000 -71.99 0.00
94 47.2516870 26.7516127 0.5387 0.3221 -71.99 0.34
95 47.2524940 26.7524797 0.0000 0.0000 -87.50 0.00
95 47.252494 26.752480 0.0000 0.0000 -87.50 0.00
95 47.2524940 26.7524797 0.0000 0.0000 -87.50 0.00
95 47.2524940 26.7524797 0.4410 0.3528 -87.50 0.33
96 47.2312530 26.7523827 0.0000 0.0000 -3.26 0.00
96 47.231253 26.752383 0.0000 0.0000 -3.26 0.00
96 47.2312530 26.7523827 0.0000 0.0000 -3.26 0.00
96 47.2312530 26.7523827 0.4024 0.3683 -3.26 0.31
97 47.2305660 26.7485997 0.0000 0.0000 52.08 0.00
97 47.230566 26.748600 0.0000 0.0000 52.08 0.00
97 47.2305660 26.7485997 0.0000 0.0000 52.08 0.00
97 47.2305660 26.7485997 0.5580 0.3067 52.08 0.30
98 47.2362200 26.7434887 0.0000 0.0000 15.93 0.00
98 47.236220 26.743489 0.0000 0.0000 15.93 0.00
98 47.2362200 26.7434887 0.0000 0.0000 15.93 0.00
98 47.2362200 26.7434887 0.5420 0.3054 15.93 0.29
99 47.2270850 26.7484167 0.0000 0.0000 -17.39 0.00
99 47.227085 26.748417 0.0000 0.0000 -17.39 0.00
99 47.2270850 26.7484167 0.0000 0.0000 -17.39 0.00
99 47.2270850 26.7484167 0.5985 0.2963 -17.39 0.29
100 47.2293040 26.7565627 0.0000 0.0000 42.42 0.00
100 47.229304 26.756563 0.0000 0.0000 42.42 0.00
100 47.2293040 26.7565627 0.0000 0.0000 42.42 0.00
100 47.2293040 26.7565627 0.4094 0.3485 42.42 0.28
101 47.2354270 26.7631017 0.0000 0.0000 -53.03 0.00
101 47.235427 26.763102 0.0000 0.0000 -53.03 0.00
101 47.2354270 26.7631017 0.0000 0.0000 -53.03 0.00
101 47.2354270 26.7631017 0.4469 0.3285 -53.03 0.28
102 47.2278660 26.7634837 0.0000 0.0000 79.00 0.00
102 47.227866 26.763484 0.0000 0.0000 79.00 0.00
102 47.2278660 26.7634837 0.0000 0.0000 79.00 0.00
102 47.2278660 26.7634837 0.5896 0.2933 79.00 0.27
103 47.2505340 26.7629297 0.0000 0.0000 77.16 0.00
103 47.250534 26.762930 0.0000 0.0000 77.16 0.00
103 47.2505340 26.7629297 0.0000 0.0000 77.16 0.00
103 47.2505340 26.7629297 0.6201 0.2868 77.16 0.26
104 47.2350200 26.7471197 0.0000 0.0000 41.47 0.00
104 47.235020 26.747120 0.0000 0.0000 41.47 0.00
104 47.2350200 26.7471197 0.0000 0.0000 41.47 0.00
104 47.2350200 26.7471197 0.4280 0.3219 41.47 0.25
105 47.2231150 26.7680827 0.0000 0.0000 5.00 0.00
105 47.223115 26.768083 0.0000 0.0000 5.00 0.00
105 47.2231150 26.7680827 0.0000 0.0000 5.00 0.00
105 47.2231150 26.7680827 1.0591 0.2648 5.00 0.25
106 47.2266870 26.7706857 0.0000 0.0000 -64.46 0.00
106 47.226687 26.770686 0.0000 0.0000 -64.46 0.00
106 47.2266870 26.7706857 0.0000 0.0000 -64.46 0.00
106 47.2266870 26.7706857 0.3845 0.3439 -64.46 0.25
107 47.2330120 26.7586547 0.0000 0.0000 82.08 0.00
107 47.233012 26.758655 0.0000 0.0000 82.08 0.00
107 47.2330120 26.7586547 0.0000 0.0000 82.08 0.00
107 47.2330120 26.7586547 0.4886 0.3006 82.08 0.25
108 47.2135160 26.7658437 0.0000 0.0000 -41.96 0.00
108 47.213516 26.765844 0.0000 0.0000 -41.96 0.00
108 47.2135160 26.7658437 0.0000 0.0000 -41.96 0.00
108 47.2135160 26.7658437 0.3901 0.3354 -41.96 0.24
109 47.2255480 26.7493417 0.0000 0.0000 -6.99 0.00
109 47.225548 26.749342 0.0000 0.0000 -6.99 0.00
109 47.2255480 26.7493417 0.0000 0.0000 -6.99 0.00
109 47.2255480 26.7493417 0.3905 0.3338 -6.99 0.24
110 47.2532940 26.7552887 0.0000 0.0000 -80.84 0.00
110 47.253294 26.755289 0.0000 0.0000 -80.84 0.00
110 47.2532940 26.7552887 0.0000 0.0000 -80.84 0.00
110 47.2532940 26.7552887 0.5281 0.2874 -80.84 0.23
111 47.2164690 26.7653267 0.0000 0.0000 35.76 0.00
111 47.216469 26.765327 0.0000 0.0000 35.76 0.00
111 47.2164690 26.7653267 0.0000 0.0000 35.76 0.00
111 47.2164690 26.7653267 0.3662 0.3429 35.76 0.23
112 47.2367680 26.7552297 0.0000 0.0000 -27.72 0.00
112 47.236768 26.755230 0.0000 0.0000 -27.72 0.00
112 47.2367680 26.7552297 0.0000 0.0000 -27.72 0.00
112 47.2367680 26.7552297 0.3869 0.3278 -27.72 0.22
113 47.2362860 26.7672727 0.0000 0.0000 13.56 0.00
113 47.236286 26.767273 0.0000 0.0000 13.56 0.00
113 47.2362860 26.7672727 0.0000 0.0000 13.56 0.00
113 47.2362860 26.7672727 0.3825 0.3279 13.56 0.22
114 47.2330320 26.7490497 0.0000 0.0000 -81.03 0.00
114 47.233032 26.749050 0.0000 0.0000 -81.03 0.00
114 47.2330320 26.7490497 0.0000 0.0000 -81.03 0.00
114 47.2330320 26.7490497 0.3821 0.3255 -81.03 0.22
115 47.2319770 26.7526527 0.0000 0.0000 -89.17 0.00
115 47.231977 26.752653 0.0000 0.0000 -89.17 0.00
115 47.2319770 26.7526527 0.0000 0.0000 -89.17 0.00
115 47.2319770 26.7526527 0.3682 0.3282 -89.17 0.21
116 47.2179900 26.7639887 0.0000 0.0000 20.70 0.00
116 47.217990 26.763989 0.0000 0.0000 20.70 0.00
116 47.2179900 26.7639887 0.0000 0.0000 20.70 0.00
116 47.2179900 26.7639887 0.3498 0.3341 20.70 0.20
117 47.2280630 26.7569347 0.0000 0.0000 -2.63 0.00
117 47.228063 26.756935 0.0000 0.0000 -2.63 0.00
117 47.2280630 26.7569347 0.0000 0.0000 -2.63 0.00
117 47.2280630 26.7569347 0.3444 0.3215 -2.63 0.18
118 47.2290360 26.7539337 0.0000 0.0000 83.13 0.00
118 47.229036 26.753934 0.0000 0.0000 83.13 0.00
118 47.2290360 26.7539337 0.0000 0.0000 83.13 0.00
118 47.2290360 26.7539337 0.3377 0.3257 83.13 0.17
119 47.2523130 26.7609027 0.0000 0.0000 34.54 0.00
119 47.252313 26.760903 0.0000 0.0000 34.54 0.00
119 47.2523130 26.7609027 0.0000 0.0000 34.54 0.00
119 47.2523130 26.7609027 0.3669 0.2993 34.54 0.17
120 47.2390360 26.7486597 0.0000 0.0000 46.38 0.00
120 47.239036 26.748660 0.0000 0.0000 46.38 0.00
120 47.2390360 26.7486597 0.0000 0.0000 46.38 0.00
120 47.2390360 26.7486597 0.3748 0.2894 46.38 0.16
121 47.2472320 26.7715167 0.0000 0.0000 19.48 0.00
121 47.247232 26.771517 0.0000 0.0000 19.48 0.00
121 47.2472320 26.7715167 0.0000 0.0000 19.48 0.00
121 47.2472320 26.7715167 0.4456 0.2654 19.48 0.16
122 47.2202310 26.7508137 0.0000 0.0000 82.70 0.00
122 47.220231 26.750814 0.0000 0.0000 82.70 0.00
122 47.2202310 26.7508137 0.0000 0.0000 82.70 0.00
122 47.2202310 26.7508137 0.3529 0.2973 82.70 0.15
123 47.2182040 26.7473897 0.0000 0.0000 -47.70 0.00
123 47.218204 26.747390 0.0000 0.0000 -47.70 0.00
123 47.2182040 26.7473897 0.0000 0.0000 -47.70 0.00
123 47.2182040 26.7473897 0.3729 0.2848 -47.70 0.15
124 47.2276780 26.7453907 0.0000 0.0000 -87.12 0.00
124 47.227678 26.745391 0.0000 0.0000 -87.12 0.00
124 47.2276780 26.7453907 0.0000 0.0000 -87.12 0.00
124 47.2276780 26.7453907 0.5345 0.2496 -87.12 0.15
125 47.2199250 26.7581597 0.0000 0.0000 83.83 0.00
125 47.219925 26.758160 0.0000 0.0000 83.83 0.00
125 47.2199250 26.7581597 0.0000 0.0000 83.83 0.00
125 47.2199250 26.7581597 0.3441 0.2985 83.83 0.15
126 47.2246980 26.7640307 0.0000 0.0000 -33.71 0.00
126 47.224698 26.764031 0.0000 0.0000 -33.71 0.00
126 47.2246980 26.7640307 0.0000 0.0000 -33.71 0.00
126 47.2246980 26.7640307 0.4455 0.2548 -33.71 0.14
127 47.2148390 26.7514047 0.0000 0.0000 -12.70 0.00
127 47.214839 26.751405 0.0000 0.0000 -12.70 0.00
127 47.2148390 26.7514047 0.0000 0.0000 -12.70 0.00
127 47.2148390 26.7514047 0.3665 0.2721 -12.70 0.13
128 47.2481660 26.7718217 0.0000 0.0000 -64.51 0.00
128 47.248166 26.771822 0.0000 0.0000 -64.51 0.00
128 47.2481660 26.7718217 0.0000 0.0000 -64.51 0.00
128 47.2481660 26.7718217 0.3261 0.2878 -64.51 0.12
129 47.2428020 26.7765277 0.0000 0.0000 -43.51 0.00
129 47.242802 26.776528 0.0000 0.0000 -43.51 0.00
129 47.2428020 26.7765277 0.0000 0.0000 -43.51 0.00
129 47.2428020 26.7765277 0.3122 0.2964 -43.51 0.12
130 47.2332330 26.7798547 0.0000 0.0000 -82.27 0.00
130 47.233233 26.779855 0.0000 0.0000 -82.27 0.00
130 47.2332330 26.7798547 0.0000 0.0000 -82.27 0.00
130 47.2332330 26.7798547 0.3178 0.2905 -82.27 0.12
131 47.2541590 26.7583977 0.0000 0.0000 8.18 0.00
131 47.254159 26.758398 0.0000 0.0000 8.18 0.00
131 47.2541590 26.7583977 0.0000 0.0000 8.18 0.00
131 47.2541590 26.7583977 0.3744 0.2600 8.18 0.12
132 47.2412840 26.7529587 0.0000 0.0000 46.98 0.00
132 47.241284 26.752959 0.0000 0.0000 46.98 0.00
132 47.2412840 26.7529587 0.0000 0.0000 46.98 0.00
132 47.2412840 26.7529587 0.4332 0.2431 46.98 0.12
133 47.2437770 26.7805317 0.0000 0.0000 78.02 0.00
133 47.243777 26.780532 0.0000 0.0000 78.02 0.00
133 47.2437770 26.7805317 0.0000 0.0000 78.02 0.00
133 47.2437770 26.7805317 0.3329 0.2738 78.02 0.11
134 47.2246350 26.7644447 0.0000 0.0000 58.08 0.00
134 47.224635 26.764445 0.0000 0.0000 58.08 0.00
134 47.2246350 26.7644447 0.0000 0.0000 58.08 0.00
134 47.2246350 26.7644447 0.3346 0.2714 58.08 0.11
135 47.2402230 26.7758507 0.0000 0.0000 49.64 0.00
135 47.240223 26.775851 0.0000 0.0000 49.64 0.00
135 47.2402230 26.7758507 0.0000 0.0000 49.64 0.00
135 47.2402230 26.7758507 0.3029 0.2923 49.64 0.11
136 47.2192710 26.7584337 0.0000 0.0000 56.36 0.00
136 47.219271 26.758434 0.0000 0.0000 56.36 0.00
136 47.2192710 26.7584337 0.0000 0.0000 56.36 0.00
136 47.2192710 26.7584337 0.5820 0.2244 56.36 0.11
137 47.2237190 26.7533577 0.0000 0.0000 -85.52 0.00
137 47.223719 26.753358 0.0000 0.0000 -85.52 0.00
137 47.2237190 26.7533577 0.0000 0.0000 -85.52 0.00
137 47.2237190 26.7533577 0.3726 0.2503 -85.52 0.11
138 47.2353900 26.7532857 0.0000 0.0000 15.66 0.00
138 47.235390 26.753286 0.0000 0.0000 15.66 0.00
138 47.2353900 26.7532857 0.0000 0.0000 15.66 0.00
138 47.2353900 26.7532857 0.3053 0.2823 15.66 0.11
139 47.2432180 26.7734997 0.0000 0.0000 -9.80 0.00
139 47.243218 26.773500 0.0000 0.0000 -9.80 0.00
139 47.2432180 26.7734997 0.0000 0.0000 -9.80 0.00
139 47.2432180 26.7734997 0.3751 0.2470 -9.80 0.10
140 47.2383240 26.7680577 0.0000 0.0000 -60.77 0.00
140 47.238324 26.768058 0.0000 0.0000 -60.77 0.00
140 47.2383240 26.7680577 0.0000 0.0000 -60.77 0.00
140 47.2383240 26.7680577 0.2963 0.2856 -60.77 0.10
141 47.2357630 26.7695387 0.0000 0.0000 -12.33 0.00
141 47.235763 26.769539 0.0000 0.0000 -12.33 0.00
141 47.2357630 26.7695387 0.0000 0.0000 -12.33 0.00
141 47.2357630 26.7695387 0.4088 0.2373 -12.33 0.10
142 47.2429400 26.7499997 0.0000 0.0000 -73.43 0.00
142 47.242940 26.750000 0.0000 0.0000 -73.43 0.00
142 47.2429400 26.7499997 0.0000 0.0000 -73.43 0.00
142 47.2429400 26.7499997 0.3003 0.2735 -73.43 0.10
143 47.2320760 26.7685547 0.0000 0.0000 -63.72 0.00
143 47.232076 26.768555 0.0000 0.0000 -63.72 0.00
143 47.2320760 26.7685547 0.0000 0.0000 -63.72 0.00
143 47.2320760 26.7685547 0.3874 0.2351 -63.72 0.09
